1.44934066289
1.17514744998
1.11071842127
1.07476597098
1.05164631286
1.03077477569
1.01657440545
1.00273397684
0.993154945881
0.983367910156
0.974135813038
0.967128661495
0.960055985657
0.952558083596
0.947241411526
0.942066539521
0.934617457347
0.929396194973
0.922721977673
0.918937109316
0.914412033742
0.910580021051
0.905781100117
0.901822348285
0.89783105163
0.8956420506
0.889509563346
0.886244517928
0.885308465159
0.882133787152
0.876779211506
0.873536103342
0.86953299619
0.871057139655
0.865670603235
0.86128312732
0.85759443494
0.855971862567
0.85413571722
0.850877182279
0.847971596081
0.845964576793
0.843339906948
0.841777358755
0.839213940333
0.837057053089
0.83431551657
0.832316651694
0.828076208369
0.826920504329
0.824997523088
0.821862315309
0.820172889817
0.816499696128
0.814226380728
0.814756924307
0.810977805958
0.809390310818
0.805414062572
0.802076864313
0.802291599752
0.79924556902
0.798804553133
0.794915589679
0.79433185436
0.792435203147
0.790407068035
0.78793511582
0.786859998695
0.784934437276
0.782159030717
0.782098522565
0.78131503651
0.777193838567
0.777178502004
0.772012615255
0.77143495687
0.770352887456
0.76684005039
0.766483563028
0.76594975584
0.765956985272
0.76427878878
0.761699490988
0.759226701884
0.756056634731
0.755311168498
0.754278227084
0.75428826816
0.751217529209
0.750219951252
0.749091208085
0.74819783211
0.745855985011
0.746462067267
0.742013147913
0.742509255598
0.739171386724
0.737640217563
0.736972314499
0.73469090432
0.732297620563
0.734346361085
0.731973563956
0.732086739813
0.729718969456
0.728421305924
0.7285982624
0.725631447465
0.724624400024
0.723745509597
0.722262814403
0.721378485444
0.720099766356
0.720450580983
0.717788431093
0.719537894907
0.716737781805
0.717539608124
0.713905523022
0.714490040987
0.712600593047
0.712800044211
0.7117934203
0.706709086944
0.708994303221
0.707318761389
0.707766028796
0.705692153689
0.704929361526
0.705757169031
0.704024861079
0.703829808977
0.700220577867
0.702107123372
0.700293306123
0.699578526115
0.697657070127
0.699641160978
0.696408975009
0.696510976734
0.697491299466
0.692394555394
0.693611300753
0.692453337747
0.688623202961
0.693171721975
0.6906619033
0.689514164053
0.687449288854
0.690127960329
0.684189642933
0.687268075819
0.685331167183
0.6857578206
0.684231967617
0.684838446518
0.682314400682
0.683548513599
0.683228029685
0.681449478576
0.682933117925
0.678062926682
0.678192882973
0.680324387547
0.680688880451
0.676113218377
0.675245711116
0.675706634547
0.674744659298
0.675681566291
0.674758445236
0.67345109322
0.67353641498
0.672168681393
0.675867976341
0.67163716198
0.669764660615
0.668324589668
0.669783902933
0.670807691303
0.667718101748
0.666291023308
0.669516500569
0.667786839492
0.667156307979
0.666359254475
0.666029643578
0.666813185788
0.664564742075
0.663400807675
0.66367960036
0.664758134999
0.663347157029
0.663109338194
0.661520259561
0.661974442125
0.659805097729
0.659155637912
0.658002939425
0.656789493753
0.660067853561
0.658453430949
0.659086988889
0.657656756564
0.656409652845
0.657042569334
0.657819555244
0.656205741198
0.655228469195
0.655864606124
0.654925584887
0.653922938329
0.6515764399
0.65274774214
0.653995299929
0.65092808445
0.65242201689
0.65313642362
0.652348520459
0.651463058204
0.651629872873
0.649005771394
0.650471271306
0.649477242769
0.646643275082
0.650815746314
0.649660171727
0.647383962625
0.647224384846
0.647838799847
0.645828708074
0.647341604155
0.645594988588
0.642502295923
0.646306291406
0.643793161503
0.645990702802
0.642949769909
0.643797428783
0.644696927808
0.642928915717
0.644343136786
0.64055106893
0.640496156148
0.640859751154
0.640535682184
0.642304941111
0.639461695408
0.640842396472
0.638215337117
0.640326388576
0.639135640107
0.639163122724
0.636211784551
0.636874842571
0.635598432098
0.637924193027
0.637596595908
0.638308864107
0.635681660768
0.637675019931
0.634345039923
0.635112812243
0.635831802539
0.634866054177
0.63348955197
0.636389281637
0.635133617
0.632065149562
0.631108187491
0.631821905785
0.633134269189
0.632684909171
0.632782213821
0.634742610902
0.631440778962
0.633465163317
0.632678054946
0.630302551119
0.632059150772
0.629425543873
0.630709596869
0.628692194916
0.629204798013
0.62918506595
0.629178397785
0.631262852189
0.628343776638
0.628976883708
0.62849140506
0.628133936059
0.624545200938
0.628004874596
0.629471913007
0.625938232506
0.626014280979
0.626984526328
0.628526544648
0.623693814297
