0.436983474707
0.555694867448
0.581493950989
0.595690955866
0.604048503853
0.613418876278
0.617906736368
0.623243273494
0.627364421255
0.630032689801
0.633856975272
0.637188818431
0.63960213466
0.643014305298
0.644987566735
0.646723338314
0.649356681896
0.651986532964
0.654102986828
0.656072755752
0.657151937684
0.659624626341
0.660008801147
0.661363890398
0.663106646936
0.664007711455
0.666602637571
0.667000782364
0.668876253852
0.669379173562
0.671429269964
0.673011371614
0.674764605669
0.673444441392
0.675969517496
0.677831019014
0.679130228312
0.679241988232
0.680708837455
0.681166354715
0.682095359193
0.682119806707
0.684260708026
0.685165265057
0.685937107142
0.685699617246
0.686570603592
0.687844011112
0.689817272528
0.690550697139
0.690774217016
0.693274845673
0.69266365851
0.693540275531
0.694472772526
0.693920957821
0.697256293525
0.697375038452
0.699058422546
0.700252856893
0.699917577074
0.70140887379
0.70122726389
0.70322148029
0.703221480306
0.704174932281
0.704091112329
0.705411276616
0.705945628837
0.707230868116
0.706364728606
0.70775474286
0.707890950271
0.70976642176
0.709256517024
0.71178857816
0.711376463405
0.711694280729
0.713269397379
0.713217009903
0.7132239949
0.714044731963
0.714079656942
0.714593054152
0.716377720694
0.716566315597
0.717229890233
0.718197312212
0.718707216928
0.717806152409
0.719314911596
0.720062306205
0.720449973493
0.721346047127
0.722007627641
0.723261434467
0.723170629526
0.724148529005
0.723813249167
0.724693358697
0.726373250302
0.726251012864
0.724934341075
0.727623564623
0.725985583012
0.72755022217
0.728238244295
0.727916934454
0.729202173763
0.73017658072
0.728601464093
0.731227822681
0.731081137752
0.731929814801
0.731074152729
0.733319829049
0.731507222523
0.732656254411
0.731531670012
0.733337291522
0.733878628741
0.732656254388
0.735118465577
0.733885613735
0.735995082596
0.735471207884
0.735900785145
0.735321030452
0.736976474566
0.736243049973
0.736312899921
0.736473554849
0.736864714631
0.739211673366
0.737971836528
0.738534128735
0.739061495953
0.739400268267
0.738638903666
0.739424715739
0.740242101371
0.739868262991
0.741597049567
0.740964907396
0.742176804262
0.743046436294
0.742072029317
0.742117431793
0.743339806115
0.743720488427
0.742588919047
0.744167528185
0.743542371033
0.745141935159
0.744656477923
0.744632030431
0.744443435527
0.745941717227
0.745662317384
0.744373585579
0.745854404781
0.746168729613
0.746888184219
0.747272359006
0.74555404994
0.74628747454
0.74798133612
0.748561090813
0.747932441145
0.74746095391
0.748428375892
0.748878908146
0.748260735975
0.748603000798
0.749741555177
0.74742602893
0.749525020279
0.750593724715
0.751424939273
0.749933642563
0.749807912642
0.752071051411
0.751861501539
0.75034226485
0.752064066409
0.750590232217
0.752133916391
0.751900254562
0.750953452026
0.753083875865
0.752612388635
0.752018663941
0.752053588923
0.752766058553
0.753523930631
0.753408678192
0.754627560042
0.753118800842
0.754271325239
0.755986141805
0.756265541647
0.754910452388
0.75514095726
0.753988432869
0.755210807228
0.755696264454
0.755242239696
0.754742812472
0.755172389741
0.756213154184
0.755860411873
0.755046659812
0.756866251326
0.757809225828
0.756716073905
0.757156128668
0.756527479017
0.756398256582
0.756324914123
0.756513509021
0.756607806471
0.757739375852
0.758602022897
0.757931463256
0.758214355595
0.759063032642
0.75752633348
0.757456483516
0.759290045013
0.759255120039
0.758598530391
0.759031600162
0.758881422743
0.759751054764
0.761638077038
0.758193400613
0.759985052148
0.759227180049
0.760847699164
0.760645134297
0.760065379597
0.760795311708
0.760047917114
0.76116551651
0.761888463615
0.761263306454
0.761427453863
0.761036294078
0.761815121162
0.761085189059
0.763159732929
0.761256321452
0.762600933234
0.761871001128
0.762866363089
0.761846553639
0.76346358025
0.762670783193
0.762820960615
0.762136430975
0.763620742686
0.762538068274
0.763404207793
0.764280824825
0.762810483119
0.764228437346
0.764724372092
0.763187672924
0.762957168034
0.765115531881
0.766613813574
0.765244754308
0.764287809825
0.76408175243
0.764923444479
0.763477550259
0.764982816949
0.764155094889
0.764909474474
0.764902489489
0.764989801939
0.765838364044
0.76578259901
0.765562571633
0.765705764038
0.766030566375
0.766557933594
0.765195859329
0.766931630901
0.766669693539
0.766837333426
0.766624291059
0.767218015736
0.766795423466
0.765007264439
0.767280880713
0.767106255798
0.766917660906
0.766977033368
0.768167975225
