1.58481945173
1.29042404307
1.20137261584
1.15367741961
1.12267018285
1.09921313359
1.07891467395
1.06584898507
1.05170565097
1.03987857178
1.02867229744
1.01661596048
1.00927805638
1.00372768954
0.998540029239
0.988394960268
0.981094234245
0.973923486214
0.968057242039
0.963352750011
0.958880537999
0.953110467268
0.949867306676
0.944520132397
0.940574590887
0.933993707285
0.926232447753
0.92286958059
0.921352370722
0.917690533874
0.913025430657
0.910976497443
0.906709909054
0.903673214814
0.899591878301
0.896980069795
0.891067344657
0.890359426473
0.884140629538
0.881804366923
0.878011847926
0.877262394669
0.871969379192
0.868970942858
0.864943097691
0.862518843865
0.860189596297
0.857386350523
0.852883146243
0.854435642463
0.844949780338
0.844338880578
0.842679602941
0.841216972713
0.838044588043
0.831790248222
0.831546676227
0.828119302562
0.827348697133
0.825535078621
0.820040032566
0.81930806516
0.816058442729
0.816314269334
0.80667947762
0.808561227663
0.805458231958
0.802731925613
0.803478839985
0.79790115094
0.795595814074
0.794507722515
0.795005968651
0.787641040818
0.785863469695
0.783951877729
0.783299498314
0.780823142874
0.779610033173
0.776030932392
0.773867968166
0.769276768224
0.768988811683
0.76663406857
0.764563720359
0.761939977921
0.761078290956
0.759397047934
0.756404878601
0.754712359516
0.754162539767
0.752198604365
0.751298820624
0.74704342169
0.747156902416
0.743801003504
0.743881243144
0.740662467922
0.739794787421
0.736745575467
0.736275444303
0.732362408522
0.732927347738
0.729647645317
0.727202305432
0.729082070454
0.723274731046
0.723294317587
0.723490749249
0.719447106969
0.716095961527
0.719143940713
0.714344100216
0.715419489316
0.71188406374
0.710141831985
0.709320536998
0.711013390849
0.706959887949
0.704021048658
0.70390730086
0.700577905426
0.701632712535
0.702163383213
0.697158844244
0.698875609297
0.696111953512
0.694268033695
0.692031693055
0.691148663739
0.691292084564
0.689173634407
0.687792959204
0.685129985997
0.685659675201
0.681818724454
0.685402597863
0.685374238372
0.679126962846
0.677809994494
0.680951410506
0.674594543457
0.673878597212
0.672456651281
0.672802003309
0.671758224773
0.671221520936
0.673180927768
0.667622763392
0.663899680168
0.667317094311
0.666892924537
0.664008181531
0.662277370691
0.662370098568
0.66432630807
0.65987543098
0.657641844951
0.655947805378
0.657925681852
0.655755021475
0.656051605072
0.656375695757
0.652642167253
0.65365574183
0.652890793779
0.647723495906
0.649626692575
0.646433530806
0.650212210886
0.649321576914
0.646828977611
0.645970027012
0.644541091702
0.643122286185
0.641517992228
0.638814977618
0.638667869261
0.643581203683
0.639175699262
0.641069111123
0.635849272808
0.638309604601
0.635382281462
0.637413402154
0.635113990468
0.632826242056
0.634836953616
0.629625487677
0.632551738491
0.631803641494
0.630389423461
0.629869395539
0.629607250044
0.626901677027
0.628642296457
0.627982677455
0.627639181522
0.62225174771
0.623659208753
0.623319436407
0.626882291197
0.623694926804
0.619832153409
0.620181350816
0.621160143544
0.618886724182
0.618947003433
0.621587569379
0.619371922668
0.61481944676
0.616956361847
0.616955368496
0.613536524477
0.612289379989
0.613485266944
0.617257442155
0.614428442801
0.613523253721
0.612148383361
0.612193876045
0.61175217351
0.608253810159
0.609436771072
0.611733214499
0.606668293056
0.611536799077
0.606955662294
0.605001348048
0.607097703294
0.604381372011
0.606985899719
0.602745256919
0.601425840933
0.604276395049
0.602917494477
0.600733936668
0.600600914674
0.60163543978
0.599596068171
0.600993766947
0.601671227407
0.59800783714
0.597344401177
0.601067959576
0.599565237815
0.596611994193
0.594880981276
0.594806941668
0.593326795857
0.593146256761
0.593543171986
0.591022530947
0.592741408471
0.593330590561
0.594886733515
0.590828706626
0.588734898873
0.593494549914
0.590729574536
0.594066399986
0.589062361619
0.591212376505
0.59308208343
0.589107989457
0.58956055085
0.588746128251
0.584706947701
0.587389324449
0.589960645857
0.588149622123
0.584872132788
0.587028085516
0.58621626642
0.584329595055
0.582556805453
0.582097303429
0.582817823595
0.583585455846
0.583778076061
0.585789025554
0.581689904188
0.582695158811
0.580361813792
0.584337669526
0.583402527456
0.579757143479
0.576953337792
0.579720923536
0.583306342548
0.577999564837
0.579997439219
0.578284284517
0.57684674865
0.576447613597
0.576734704211
0.577229983427
0.576575503201
0.576478013403
0.577023814149
0.574454575978
0.572351718609
0.572460028352
0.573549571259
0.573116859755
0.574307118034
0.571263989339
0.571488892516
0.570536023047
0.569493954955
0.570315802904
0.573273451568
0.571034008586
0.572140264052
0.571801770012
0.567251186116
0.570811136009
0.567534873878
0.569401086673
0.568238256846
0.571354236394
0.567565540318
0.56923333967
0.569854571027
0.565664112419
0.565305818612
0.566311340077
0.567493710182
0.568528176143
0.561372854152
0.562759818734
0.562576062435
0.566064730186
0.564671091616
0.561655041885
0.563786476308
0.566344461351
0.560074418715
0.560184115316
0.564338527183
0.562620456204
0.560236438946
0.561004421442
0.558791720573
0.555599025252
0.560367707779
0.563568625439
0.560628232149
0.559870698539
0.558398503642
0.556574880941
0.558836338589
0.556403537095
0.55727735964
0.557015023846
0.555862378698
0.555210727832
0.560365644616
0.555163948096
0.555996045804
0.551928011896
0.55414036688
0.555735552613
0.555199338186
0.553347515151
0.551583343648
0.555734335362
0.549978557063
0.552547340993
0.553246096736
0.554820212521
0.553896333071
0.552747375097
0.550463174322
0.5513645145
0.549752820975
0.5529501709
0.549274866004
0.550462278246
0.551809110612
0.554304760107
0.548677966346
0.552466201454
0.549772586714
0.548538164058
0.551630940446
0.549742897672
0.547212903682
0.549136343378
0.548862953639
0.547360709349
0.546648491662
0.54625030335
0.550343916368
0.544566753335
0.547769384404
0.546711786201
0.547965370157
0.544798848473
0.549588048595
0.544664481267
0.542507284187
0.545346760436
0.54495741893
0.544352788063
0.542249413758
0.547658292506
0.541199932076
0.539339868257
0.541308476588
0.544148855806
0.543637643838
0.544532910613
0.542271163841
0.539674463122
0.540214158435
0.542265366424
0.542446084673
0.542030395444
0.541615356134
0.540127689545
0.540385719581
0.538447389536
0.540744051402
0.539482239623
0.540163213802
0.538978520765
0.539314621862
0.536962225637
0.538907218697
0.5415200555
0.538109035306
0.539999436137
0.537308182318
0.536073535261
0.535706841158
0.536158081033
0.535650498379
0.535977414019
0.535664445844
0.536924932187
0.537665211738
0.538249234781
0.538868506055
0.534161256708
0.534623119191
0.538642257121
0.534401075947
0.536380313258
0.533733787869
0.534285599697
0.534279409359
0.533190424867
0.533940474379
0.529356156797
0.532855791987
0.531895858785
0.534586952774
0.533141122006
0.533830528767
0.532432939963
0.532365293577
0.533722954646
0.531929633617
0.533235955034
0.530086923279
0.530215363486
0.529636402581
0.531784779507
0.531430893698
0.531179940436
0.529263598752
0.532443115089
0.531329873255
0.530560496115
0.52750356394
0.528707068305
0.529452472765
0.53095429559
0.528978026256
0.527528434596
0.527803432413
0.528654675529
0.526039421038
0.525555380093
0.528235798048
0.527863878144
0.527134895737
0.527693562486
0.522905218907
0.530558986131
0.529128899828
0.526002276721
0.525975646606
0.528585758887
0.526834270487
0.5262242564
0.525232467865
0.529580518568
0.526592801611
