0.407286082089
0.53676334839
0.568818772686
0.585771914956
0.597154013788
0.604155896961
0.611167011347
0.618815080197
0.623135292867
0.627330884028
0.632449597562
0.634305073536
0.638814526301
0.643203973163
0.644805590486
0.647298020886
0.647750350831
0.652615205737
0.654170666919
0.657295436128
0.656446163562
0.660087881312
0.663231112987
0.665543534513
0.665765083872
0.668045196118
0.669859131591
0.67039915816
0.673357765344
0.674497821466
0.676020973384
0.677036407989
0.679067277205
0.680345801666
0.681573554435
0.682784139702
0.684185990749
0.685672217747
0.686899970494
0.687564618612
0.688136954476
0.689692415669
0.691335573495
0.691732516107
0.694114171826
0.694451111515
0.695821948203
0.69761280561
0.698655933893
0.698499003086
0.701660697207
0.699939073964
0.70255151029
0.704577763898
0.703054611966
0.705902444505
0.706668636042
0.708122553763
0.709082601058
0.709954951692
0.708621039856
0.711621187552
0.711321172796
0.713116645792
0.713965918391
0.715779853821
0.715175208715
0.717450705329
0.717935344547
0.7175199395
0.719726201951
0.720930876359
0.721037035716
0.723049442461
0.721493981292
0.724014105351
0.723160217174
0.725043386783
0.725486485533
0.727448120553
0.727766597781
0.727531201575
0.729095893984
0.728809726079
0.730854442136
0.73124215352
0.731172919342
0.731149841239
0.733079167021
0.73367458096
0.735626984755
0.733988442555
0.736610110105
0.735031570827
0.735793146798
0.738077874654
0.73684089068
0.73788863456
0.739194852689
0.739748726153
0.741345727831
0.741507274277
0.74156727721
0.742356546823
0.742195000417
0.745670556142
0.743912116772
0.744558193679
0.744050476413
0.745882874278
0.744659737145
0.746607525349
0.74823222071
0.747539878941
0.746321357424
0.74787681863
0.74834299541
0.748218373867
0.748901484435
0.751472380199
0.751407761676
0.751070822004
0.752510892885
0.751675467171
0.752829370108
0.75226164989
0.753826342264
0.753240159542
0.753807879831
0.754149435091
0.755977217403
0.754172513162
0.754680230483
0.756978805176
0.75669725284
0.757892696302
0.756554168865
0.757855771417
0.75914352711
0.757117273517
0.758718890817
0.761105162123
0.759875797072
0.760103574361
0.760878997182
0.75978509717
0.760989771859
0.761142087051
0.761497489183
0.761589801381
0.762748319981
0.762106749932
0.761700576065
0.762702163846
0.765429990446
0.765106897626
0.764382246552
0.765157669342
0.763892991733
0.765033047819
0.765471530979
0.765688464704
0.766006941936
0.767774721262
0.767516246991
0.768176279486
0.767405472311
0.766888523802
0.768490141107
0.767267003981
0.768443984993
0.769413263455
0.767243925925
0.768370135177
0.770396388768
0.769385569802
0.769260948317
0.769467846601
0.77065947868
0.772205708668
0.77217339936
0.77151336685
0.772150321299
0.77219647743
0.772805738175
0.772662654185
0.771448748308
0.773433461381
0.772302636477
0.773193449579
0.774536592621
0.77348884873
0.774250424705
0.774393508654
0.774411971118
0.77461967364
0.774933535284
0.77431965888
0.774813529302
0.77639668418
0.776839782937
0.775902813717
0.776613617952
0.776502843273
0.776553614983
0.777065947931
0.776641311614
0.776812089252
0.777241341199
0.777629052553
0.777656746204
0.777919836121
0.779664537389
0.778026409312
0.777476737375
0.77784598633
0.778718336967
0.779226054246
0.779027582931
0.779696846682
0.779295288412
0.779175282538
0.779682999846
0.781552322609
0.779276825989
0.780998449175
0.78148770408
0.780670740748
0.780781515417
0.780979986778
0.781247692256
0.780952293087
0.781395391839
0.780970755508
0.7814969353
0.781916955935
0.783144708715
0.783601654272
0.781866184213
0.783015471578
0.781926187208
0.78332933318
0.781113839512
0.784672476236
0.783592423069
0.784353998997
0.783615501128
0.784160143304
0.785408458048
0.785023262705
0.784377077086
0.786084853469
0.784977106629
0.785674064024
0.785632523502
0.785360202395
0.786029466112
0.785969463169
0.785157115465
0.784737094805
0.786486411684
0.786061775405
0.785660217168
0.787718780085
0.785586367409
0.786980282176
0.787871095243
0.786694114221
0.788074182149
0.78637102139
0.787691086388
0.787201831525
0.787838785977
0.786721807877
0.787160291009
0.787160291014
0.788457277934
0.788231112985
0.788628055603
0.787889557693
0.787875710886
0.788715752198
0.790654309212
0.790132745038
0.788467394455
0.788655749248
0.788918839115
0.790192748021
0.789223469525
0.790557381329
0.790709696526
0.787852632785
0.790672771622
0.790248135365
0.790497378393
0.790608153048
0.790008123543
0.791438963191
0.791074329874
0.790405066149
