1.51620476625
1.21813945495
1.14151916639
1.09634521952
1.06826906792
1.04742614806
1.02907740859
1.01329567604
1.00118171449
0.989913741182
0.978472679999
0.971960916361
0.960705518574
0.953343604498
0.945840189558
0.941733477965
0.936493877415
0.927121717153
0.920654841691
0.917390713326
0.910388793475
0.905417954386
0.898491507041
0.89319982907
0.890936135687
0.886347897126
0.881216997523
0.877185350504
0.872862027459
0.871818921743
0.865892830875
0.861466668735
0.857224162021
0.855123284173
0.851131365441
0.846918868678
0.842433186991
0.838588672289
0.8361471828
0.836119985508
0.830788830666
0.828644083032
0.825772115245
0.819907606003
0.818429965785
0.815324941054
0.811196182121
0.808000230156
0.804350613798
0.805021997093
0.797988205838
0.798375358939
0.796503889906
0.791038887143
0.790829615466
0.785376280503
0.782845766085
0.780216961147
0.777353681741
0.775485236874
0.776700895063
0.768742439826
0.76923694238
0.768160635811
0.765251469809
0.760285003706
0.761223742788
0.755025291223
0.754205781185
0.754102915091
0.749630980113
0.74886141821
0.745561694954
0.740962274117
0.743799410465
0.739412296162
0.738863980059
0.734765267853
0.735359521511
0.729977514878
0.728526346259
0.728906250984
0.723597531302
0.725301634293
0.72067307719
0.719941508025
0.718332443545
0.718981319149
0.714786726358
0.712417823393
0.710832749714
0.712468885754
0.705858803224
0.708195190441
0.708284068847
0.701608433366
0.704844046373
0.701439608293
0.699222614734
0.696249855665
0.69347064772
0.694311189773
0.690334602602
0.690323625288
0.688712426239
0.686609886451
0.68556067152
0.685672403235
0.684402895466
0.682002689555
0.682361263216
0.67911069517
0.675297696841
0.675694124739
0.678296295647
0.675431717175
0.672725508278
0.673138533071
0.672575206091
0.66948648953
0.665871483152
0.667919182004
0.663795567782
0.666902098138
0.664107325711
0.663242262854
0.660133391447
0.66204711094
0.660423287035
0.658692368178
0.654288975244
0.658624370559
0.656554333341
0.654363637823
0.653251384067
0.651653874933
0.65176086965
0.650207303516
0.647535416163
0.650121958912
0.647017748112
0.645740910617
0.645200987412
0.641538417536
0.642699395613
0.645337046811
0.642515169061
0.641054282399
0.640288120607
0.641182018916
0.639720630767
0.637524476647
0.63833545776
0.635770478398
0.631551270161
0.632638045799
0.632503061712
0.633356732048
0.632907224735
0.6316916971
0.630652945595
0.630141558793
0.628705455097
0.627462578331
0.626357196602
0.623087623614
0.624688305888
0.624722449444
0.623387513218
0.623747566679
0.622510736005
0.622041130247
0.6220494514
0.620770533397
0.618785447236
0.618925197215
0.619029386877
0.618750473312
0.618019370038
0.613989857134
0.614273985615
0.615349155795
0.612150133723
0.613024171429
0.612543681859
0.61191711878
0.615000896614
0.61065580169
0.611199094701
0.611865376806
0.60843871656
0.612302298089
0.607367965684
0.605860622154
0.6082284823
0.605899172957
0.60553539509
0.605878805162
0.605883345768
0.602557357701
0.601564792492
0.603539586166
0.601901289107
0.602619762405
0.60110528596
0.598277300597
0.599297899113
0.600954153439
0.598694536581
0.597851637188
0.597841449631
0.598882839814
0.595438845629
0.598861087066
0.597519962974
0.597302088438
0.594504934227
0.594176586363
0.595170188032
0.59280735708
0.595235999999
0.591471810663
0.591248101825
0.588194367178
0.593437921024
0.590306604748
0.588108136827
0.591360321417
0.59013310103
0.590286546918
0.589630358266
0.591316054855
0.588482210944
0.589792583821
0.588108349361
0.587205699263
0.583670094162
0.583182944817
0.588357248498
0.586370509973
0.583246084845
0.583155563985
0.585580514157
0.581269296815
0.582964036195
0.580381468762
0.583105022486
0.580059282079
0.579307747317
0.579909427356
0.580336842407
0.57751971819
0.580367651802
0.577866612967
0.577777937339
0.578603543496
0.577834024024
0.579026202061
0.579442476191
0.579079158644
0.576136946735
0.577160302952
0.57828906479
0.574369764675
0.57723766517
0.574162593156
0.573785808744
0.57378936742
0.572038725235
0.575206743574
0.573584107167
0.575281632616
0.571606793847
0.575499358643
0.572481362222
0.571540444979
0.571453651429
0.571882848267
0.570384500579
0.569775366943
0.570551602693
0.570696502143
0.566320917169
0.568269394682
0.570886598018
0.569038997347
0.567448061048
0.566787846414
0.56951142704
0.568348453932
0.565176200685
0.569930757252
0.566583737013
0.566472093759
0.564022342341
0.566379857524
0.564993643967
0.564030707083
0.566554541997
0.563774300688
