0.261863625964
0.314136353067
0.336090897972
0.34754544273
0.352863623811
0.358909079568
0.365590896322
0.366590897942
0.367590898411
0.37354544347
0.382590897788
0.384136351875
0.385454531759
0.391636352106
0.39186362421
0.39795453413
0.396954531426
0.406272715872
0.407499987022
0.412636349689
0.266999991678
0.327818171951
0.337409079481
0.346318170293
0.349909079278
0.362545444004
0.364863625169
0.371954535896
0.373818168789
0.375545442917
0.385227259858
0.381999988583
0.3892727161
0.386999986388
0.398363626274
0.395863625001
0.403681804782
0.410499987006
0.410227262838
0.417909076539
0.424499986795
0.421999987418
0.429681806131
0.427954531935
0.442090894824
0.441499985484
0.45295453329
0.456818165427
0.465181802349
0.469772712344
0.472909076647
0.487772711163
0.487136347998
0.495272708075
0.508909070898
0.508772709153
0.52599997832
0.534272701767
0.539045431668
0.55090906769
0.55518179441
0.571045432985
0.58245452209
0.590545430373
0.599545429782
0.607727250592
0.625090885975
0.633727248419
0.649363612858
0.653818161379
0.662681793896
0.677727251432
0.681999978152
0.679272703149
0.711636340347
0.710454525731
0.715636343035
0.718590886755
0.737909071825
0.750136346438
0.740090887384
0.758590889519
0.76695452468
0.76345452585
0.783454523845
0.776681801677
0.788818162951
0.791318163005
0.7857727086
0.818136347695
0.81954544024
0.813227256591
0.815909073299
0.83204544593
0.829136354815
0.812727257609
0.835636351325
0.833090895143
0.84813635864
0.851409085501
0.856136363203
0.852681814811
0.86409091218
0.861090902036
0.863818182187
0.877045461265
0.883227286014
0.847863635421
0.879636368968
0.856681816144
0.882545464418
0.901500016722
0.873318190466
0.891954561526
0.9085909307
0.900363649834
0.878136373921
0.89895456054
0.864545457472
0.88877274394
