1.7836228517
1.69462971362
1.67222370668
1.65899044926
1.64582941261
1.62673752362
1.61766430519
1.60589896928
1.59620178613
1.58659900156
1.5721512063
1.57281357104
1.55796251676
1.55564352166
1.53852347894
1.538289884
1.51850981008
1.51110915433
1.50048403848
1.48419542258
1.47462451295
1.47534590418
1.46717052622
1.45790362304
1.43071617809
1.42826378616
1.40671449249
1.4026587405
1.38233535181
1.36209314466
1.35653803403
1.33071513284
1.32374963489
1.29506813071
1.27134359506
1.26505143968
1.226291511
1.20033681935
1.19159626771
1.16375849166
1.14949317493
1.11036409411
1.08596313406
1.06002368683
1.04993838451
1.02799389742
0.97949767194
0.958725351366
0.927237250588
0.918781259114
0.886275503581
0.858160192045
0.84442781237
0.838515688343
0.780473143404
0.769749715382
0.757223160836
0.748281837052
0.697316733138
0.678657058152
0.689886833727
0.652533214065
0.630463819341
0.639346897873
0.586320653693
0.604306676307
0.578243552013
0.571905150603
0.577033920857
0.495536879111
0.490942429954
0.508378225294
0.503307743845
0.458224273947
0.46340561902
0.512103875591
0.446416781436
0.461284155602
0.416290258074
0.409265326776
0.390485673127
0.401306771081
0.370822155814
0.383136302368
0.375873476267
0.343151538819
0.329636894234
0.420603043315
0.342622474581
0.411731116406
0.339148613946
0.28188898096
0.356247247078
0.305123514919
0.257619461993
0.276407187093
0.344923924993
0.290584021299
0.384766615521
0.311834381859
