0.374078959384
0.504941093647
0.541285707901
0.561772198054
0.574616766864
0.584112309039
0.591225436773
0.596752183563
0.600590202079
0.605747361788
0.610660025603
0.615794441428
0.617909616247
0.620371634051
0.621673717379
0.625289983727
0.629304266826
0.631334152235
0.634609261384
0.634307905891
0.63713382473
0.639607214495
0.641949827239
0.642859579797
0.644684770921
0.647544805416
0.649170988056
0.651809270525
0.651530658813
0.655334561662
0.656045305834
0.655675718824
0.658262827598
0.657927356368
0.660884052222
0.660963655505
0.663397243596
0.664574235933
0.666154930891
0.667161344755
0.668258733695
0.668525973538
0.670902702111
0.672324190364
0.673586472099
0.67499090267
0.675599299545
0.676912754796
0.678891466651
0.677413118746
0.680989583377
0.681040757028
0.682729485199
0.682416757718
0.683832560212
0.685822643876
0.685680495063
0.688017421935
0.688586017239
0.688767967683
0.690644332361
0.691713291528
0.691906614037
0.692441093631
0.695187409166
0.693999044868
0.696267740289
0.698439774381
0.696927310869
0.699980667872
0.699417758424
0.70059475082
0.700560635105
0.70305676876
0.703778884698
0.704063182455
0.705109397847
0.705871315665
0.706388737263
0.708111581172
0.708737036156
0.709692276342
0.71096024389
0.711318458993
0.712870724255
0.712199781768
0.713479121315
0.714707287156
0.715287254448
0.716197007033
0.715099618039
0.716612081687
0.718067685687
0.720302265419
0.718647653012
0.719654066849
0.720091885154
0.721331422978
0.72197393572
0.722588018711
0.722195687871
0.724487127104
0.724612218123
0.725880185714
0.725783524549
0.725573144333
0.727307360034
0.729411162778
0.727421079048
0.728535525902
0.732163164228
0.728814137663
0.73222570971
0.731344386962
0.733226437534
0.732788619104
0.733465247632
0.732970569581
0.73363014027
0.735836290159
0.73477301688
0.735045942699
0.736649381385
0.734892421919
0.737587563818
0.736837017907
0.739139829091
0.740214474331
0.740726210172
0.74036230906
0.741067367344
0.740879730854
0.74218181428
0.743000591388
0.742187500076
0.743734079477
0.743171170202
0.744228757365
0.74536594813
0.745445551337
0.744996361185
0.747157023447
0.747105849866
0.748066775859
0.747526610338
0.748129321411
0.747253684644
0.746321188262
0.749596297464
0.750796033593
0.748720660518
0.749840793478
0.751068959357
0.751233851952
0.751648926525
0.751501091828
0.752746315752
0.752342613026
0.754713655483
0.754122316431
0.754901291952
0.754349754573
0.754002911257
0.755111672223
0.754423671837
0.755333424406
0.756891375654
0.755748498963
0.758614219459
0.756112400041
0.756578648205
0.757636235514
0.75817565735
0.758136599497
0.759336335658
0.760217658346
0.760388237084
0.761394650774
0.758813227894
0.761263873894
0.759251046302
0.762742221746
0.760308633595
0.762162254459
0.760416666851
0.762605758793
0.763293759266
0.76310043679
0.763936271943
0.763663346124
0.763788437186
0.763890784348
0.76420351178
0.764448007712
0.765147380173
0.763856668562
0.764669759993
0.764385462263
0.768610125709
0.766824736318
0.767160207521
0.764891512226
0.767433133296
0.768445232983
0.767967613021
0.76926969636
0.768359943709
0.769400473218
0.768195051065
0.76822916665
0.770202192596
0.768513464408
0.769309497898
0.770924308648
0.771316639488
0.77019650674
0.770071415705
0.770202192466
0.770708242564
0.771509961845
0.771316639499
0.771333697272
0.773443186149
0.772408342594
0.772124044982
0.773960607791
0.771930722463
0.774040211139
0.774335880738
0.773505731653
0.774341566838
0.773613764708
0.77502388114
0.776098526228
0.774580376746
0.776445369473
0.776303220779
0.776064410616
0.775945005643
0.775882459998
0.776456741348
0.776070096499
0.777713337124
0.777161799626
0.77603598074
0.776968477183
0.777758824719
0.777321006306
0.778344477824
0.777923717314
0.777377865872
0.779379321514
0.779839883693
0.779470296606
0.779561271932
0.779100709775
0.779538528151
0.781085107438
0.778310362293
0.780084379722
0.778907387305
0.780960016473
0.779913801065
0.779356577787
0.781215884431
0.779908115177
0.780198098785
0.782398562683
0.782529339666
0.780561999723
0.782330331258
0.782887554873
0.782409934617
0.781898198733
0.782404248799
0.782102893138
0.783723389803
0.782910298632
0.782688546302
0.78371770386
0.781073735563
0.784428448054
0.783399290523
0.785082332595
0.782478166177
0.783012645631
0.784581968856
0.785667985927
0.783882596483
0.782739719975
0.785622498316
0.784291985189
0.783285571482
0.785008415287
0.785884052184
0.78507096072
0.785156250081
0.784780977139
0.785986399422
0.785844250445
0.786293440749
0.787714929169
0.787868449955
0.787623953953
0.786827920539
0.786844978264
0.787737672913
0.787299854586
0.788067458216
0.788249408753
0.787976483054
0.78780590443
0.787993540892
0.788130003764
0.787612581959
0.789568549849
0.788510962665
0.789693640884
0.788277838574
0.789511690369
0.788158433449
0.789858533593
0.788169805486
0.788749772681
0.789153475379
0.789687955034
0.790842203497
0.790330467813
0.788238036873
0.792422898596
0.79126296424
0.791638237013
0.79039301322
0.79113787321
0.791103757419
0.790762600176
0.788908979518
0.793036981636
0.791592749348
0.791410798974
0.791382369082
0.792610535054
0.792110171202
0.791820187452
0.794181524753
0.79181450158
0.791803129711
0.790921806861
0.793110898966
0.792201146364
0.794378866578
0.79266739461
0.794447098009
0.793634006756
0.794208287943
0.793702238132
0.793861444882
0.793275791534
0.794049081361
0.794157114341
0.795925445914
0.795140784445
0.795948189647
0.794145742467
0.79444709802
0.795390966309
0.794822370972
0.795379594408
0.795601346607
0.794600618702
0.794390238344
0.794913346249
0.795135098378
0.795840156613
0.795658205957
0.796039164923
0.795743495367
0.795737809451
0.795925445838
0.79568094983
0.794714337803
0.796675991663
0.795868586272
0.797000091165
0.797261645001
0.796067594809
0.796118768293
0.797011463083
0.796420123829
0.796971661355
0.796431495736
0.797204785336
0.798967430935
0.796698735433
0.798285116524
0.797733579118
0.796624818163
0.797551628609
0.798319232304
0.795305677078
0.79843295147
0.79880822425
0.796937545634
0.79753457064
0.799342703953
0.799644059435
0.797511826946
0.800906341073
0.799934042935
0.800076191922
0.798660389428
0.798865083898
0.798086108144
0.799024290447
0.800525382291
0.80141239083
0.799814638038
0.799024290577
0.799308588183
0.79926878652
0.799598571667
0.799723662843
0.800514010298
0.80035480358
0.800860853505
0.79989424138
0.800383233472
0.801162208928
0.800843795677
0.800303630075
0.799979530649
0.801173580932
0.800360489528
0.801224754426
0.801759234124
0.801998044097
0.802293713789
0.8020662755
0.802054903713
0.801162208901
0.802424490685
0.802026473805
0.801509052103
0.801298671913
0.80369814417
0.803152292728
0.801742176258
0.803220524012
0.801691002574
0.80302720178
0.803243267999
0.802839565258
0.803777747561
0.802026473875
0.803305813351
0.803266011639
0.804084788889
0.803527565649
0.802674672706
0.802691730442
0.803402474608
0.803049945583
0.803186408438
0.803851664961
0.80273153211
0.805148062325
0.804551037145
0.804738673657
0.802828193351
0.803954012117
0.804334971023
0.805841748647
0.803925582372
0.803845979094
0.80489219435
0.804755731512
0.805131004394
0.805159434297
0.804431632096
0.805369814611
0.806700327668
0.805312954882
0.804596524821
0.805927037954
0.806012327326
0.804937681978
0.805443731897
0.80489788039
0.8053698144
0.807422443639
0.803635598747
0.803959698006
0.804767103397
0.805585880727
0.804914938126
0.803942640265
0.806353484439
0.806012327223
0.804926310082
0.804937681994
