23,82,35,55,23,42,25,92,5,66,11,100,90,63,88,97,52,57,2,92,98,67,33,97,19,30,61,46,91,33,92,63,1,100,100,85,43,31,92,1,75,98,97,42,18,42,36,83,19,91,86,68,32,90,26,65,87,56,23,57,33,56,71,50,88,53,70,26,1
43,93,74,87,37,79,47,4,28,93,27,50,68,56,5,78,34,41,4,89,66,35,21,89,13,70,19,68,79,7,51,38,10,5,25,53,32,14,82,70,13,78,85,17,8,22,13,57,11,76,61,56,99,56,96,9,11,56,61,69,20,88,28,59,84,66,47,3,32
6,100,46,49,11,62,9,55,53,22,86,37,48,55,52,65,92,87,13,4,32,86,5,57,62,3,59,51,28,57,99,36,50,53,66,85,76,64,69,49,26,64,75,48,20,68,72,18,33,49,96,58,77,2,70,82,26,5,57,6,96,35,42,93,51,92,29,18,33
0,95,74,73,45,31,97,65,93,97,69,65,26,65,6,23,34,55,62,35,87,15,50,74,10,9,74,5,44,32,17,14,65,82,17,76,84,96,55,47,77,33,0,54,21,49,14,28,97,58,92,33,22,45,27,7,51,44,40,71,34,33,56,47,52,95,2,0,57
82,41,13,67,23,66,37,69,14,90,20,53,87,51,19,25,96,43,46,28,92,71,38,38,43,64,56,27,74,3,61,51,4,47,10,13,90,44,54,48,36,14,1,56,29,93,66,65,72,3,100,90,78,34,64,7,36,36,61,56,65,81,30,95,87,14,63,62,4
85,63,44,56,72,44,1,5,36,37,5,94,89,9,95,39,68,68,9,69,53,16,11,60,68,8,99,79,40,75,92,91,67,81,49,67,7,34,57,33,60,48,95,72,92,96,47,57,48,73,2,98,70,15,19,24,62,52,35,30,8,100,81,46,12,28,9,41,85
0,61,49,1,2,24,97,16,86,59,76,90,85,82,78,12,90,39,5,89,52,52,23,89,37,51,22,76,23,9,22,70,70,2,39,56,32,98,79,15,85,70,94,61,45,0,71,37,90,29,32,66,82,93,76,55,14,1,37,38,53,66,15,96,65,93,60,20,97
28,100,24,53,78,38,45,44,59,22,88,59,68,40,27,51,49,57,81,31,31,64,85,50,58,70,35,95,9,14,30,2,5,90,25,5,93,37,84,90,14,46,46,7,79,9,94,61,85,6,97,85,27,78,5,42,51,70,97,13,94,87,4,84,12,64,49,69,24
70,41,14,60,3,69,6,6,1,36,91,12,39,32,29,12,97,70,89,10,68,72,60,71,0,89,91,53,53,65,29,100,98,60,55,11,92,91,75,51,48,33,79,55,9,63,15,84,2,90,46,19,81,17,57,53,92,81,35,95,45,51,97,58,55,3,40,38,58
71,21,18,29,63,10,85,94,70,73,41,25,17,11,86,86,53,93,81,86,35,82,27,97,54,98,47,54,33,1,48,58,45,37,27,0,3,32,90,33,77,0,97,73,31,8,96,24,71,63,33,68,98,14,32,50,73,8,69,68,42,94,97,86,79,67,85,1,11
23,14,48,0,30,45,34,72,18,58,24,0,2,83,92,71,97,92,50,39,93,99,5,76,14,98,49,27,34,27,1,61,97,37,82,75,54,89,24,8,9,73,23,79,6,1,30,99,51,55,36,97,72,50,24,77,66,72,35,0,35,59,93,22,76,16,29,14,0
2,41,16,88,15,44,50,76,7,27,8,55,58,26,98,47,79,77,23,82,26,13,85,74,40,84,57,100,6,8,18,39,73,50,54,66,26,15,60,3,39,72,84,68,30,97,28,52,98,34,46,14,25,54,86,94,27,11,90,75,55,44,96,31,53,40,65,93,15
31,91,40,17,43,62,30,95,59,64,58,48,11,23,7,40,22,31,16,55,29,95,66,72,43,95,82,11,4,86,15,0,78,11,36,9,56,65,48,62,23,93,61,21,38,34,62,90,40,80,18,50,68,20,99,18,15,99,5,29,36,7,45,43,66,99,98,37,70
19,40,71,58,44,70,38,43,88,47,77,53,19,1,54,4,55,73,100,0,40,41,17,94,95,21,94,73,87,87,100,25,7,37,2,89,48,74,7,27,80,59,79,50,46,33,5,83,71,96,86,2,0,60,4,9,83,100,49,80,52,53,21,100,23,68,6,72,33
58,39,44,92,37,94,16,25,13,9,53,76,95,50,18,8,17,67,92,65,6,54,33,62,39,62,80,47,86,50,97,83,11,86,95,43,4,11,55,56,48,53,91,25,97,58,88,60,29,48,52,40,66,20,44,46,40,3,57,0,9,82,97,28,74,45,77,5,78
1,88,36,74,8,65,79,75,57,3,86,73,93,21,99,28,9,66,27,15,69,89,68,16,92,69,1,93,38,9,9,68,49,14,84,41,52,44,0,1,74,13,99,37,93,83,33,43,39,33,99,96,32,77,97,40,55,81,99,31,98,36,38,81,96,24,71,4,17
75,68,53,77,14,9,46,95,40,47,15,37,1,69,88,68,64,98,16,88,20,25,38,26,55,13,13,27,1,72,50,70,74,75,0,65,14,48,76,23,3,13,69,88,63,52,27,21,41,21,61,96,95,58,68,0,47,60,75,93,6,88,95,63,20,87,73,60,53
83,87,9,1,91,59,60,94,86,70,62,0,75,25,90,72,85,21,96,22,92,64,96,5,55,7,41,45,62,65,89,27,29,45,90,17,27,54,23,28,15,19,100,94,67,72,4,65,36,12,91,37,38,38,23,90,71,67,90,24,56,46,11,68,75,42,55,76,49
79,94,45,76,81,51,15,17,54,41,9,26,98,30,13,8,70,15,42,60,68,17,67,27,68,55,89,18,94,72,71,98,73,51,8,56,4,21,62,40,25,0,0,24,56,33,69,56,39,72,94,31,52,55,70,69,93,6,87,1,43,12,57,90,32,23,12,30,49
88,92,87,94,74,31,55,48,91,30,58,24,41,87,71,1,91,80,86,2,20,78,49,81,82,39,100,50,98,61,68,11,20,99,95,16,52,96,50,86,19,36,36,63,9,46,0,69,65,59,50,70,62,49,88,44,18,67,60,14,92,7,23,54,62,89,34,44,78
95,87,57,56,70,24,19,54,51,54,63,85,20,31,61,51,39,14,5,58,27,6,81,98,32,54,74,96,71,34,21,19,94,61,41,7,89,4,20,6,16,4,12,17,60,40,22,34,72,87,38,0,41,34,62,41,45,89,54,57,11,76,8,74,46,8,65,27,15
49,43,75,95,100,60,79,90,18,41,56,53,65,38,91,25,29,17,79,75,40,65,0,35,63,45,26,12,7,99,74,16,79,70,20,16,23,31,38,63,83,73,81,75,14,86,63,39,49,74,59,69,80,87,62,45,41,19,27,97,2,21,14,96,15,54,63,13,76
93,100,82,21,14,99,21,87,68,52,96,7,44,55,85,50,40,12,60,44,59,70,77,14,15,4,55,55,69,4,95,39,69,97,69,84,25,35,85,0,95,52,12,23,88,55,75,24,69,42,31,35,37,42,72,47,90,17,35,40,66,84,89,50,33,86,32,98,81
35,41,68,77,93,13,74,19,2,97,72,57,25,27,32,10,89,71,70,93,59,30,36,95,2,60,47,23,52,92,25,18,56,92,99,28,58,84,41,63,78,77,13,30,58,55,42,20,21,51,53,4,37,83,32,77,42,55,43,27,69,4,64,38,70,91,36,36,31
57,85,60,63,91,2,1,22,56,88,6,25,36,75,58,71,0,92,7,10,49,65,57,23,31,62,91,58,26,52,41,85,32,2,82,57,60,65,21,81,97,25,47,20,40,0,20,80,80,90,82,39,83,4,5,21,54,97,59,100,89,94,27,99,86,25,43,84,80
100,28,97,22,17,22,69,98,21,34,47,44,64,94,10,48,68,56,4,83,61,100,63,37,86,84,62,68,25,12,26,33,27,20,35,73,99,44,23,45,49,28,16,19,8,42,79,14,31,99,55,91,9,34,5,66,46,91,2,5,85,28,3,70,4,17,93,90,71
9,42,71,69,90,36,33,57,31,18,85,98,63,98,9,40,6,86,26,42,95,23,56,4,16,23,37,19,96,21,55,94,0,85,95,31,32,88,87,78,56,7,52,5,22,93,94,43,50,65,4,28,91,75,17,92,99,70,28,6,89,55,68,40,89,33,0,12,26
69,69,83,1,47,0,23,9,12,96,76,52,63,4,41,44,57,77,36,22,23,11,43,18,66,54,76,85,58,58,10,13,49,30,23,63,77,32,66,22,68,18,24,68,81,76,4,2,16,96,4,20,6,11,46,45,65,88,24,90,51,40,79,89,96,84,36,5,33
99,86,15,51,77,46,80,37,80,91,2,74,86,76,39,8,56,60,47,4,99,53,15,71,0,100,87,39,82,23,9,91,63,72,56,71,49,32,83,10,65,8,53,12,22,44,29,13,68,10,98,0,100,87,69,38,34,7,22,58,59,52,2,71,71,2,9,49,60
88,72,86,20,23,87,19,42,99,100,45,34,60,21,55,6,19,92,26,57,21,12,73,56,57,67,51,18,71,37,51,45,15,90,47,91,23,50,11,32,74,85,54,18,6,90,82,6,43,32,45,38,29,24,85,17,70,52,9,73,68,4,25,63,17,47,33,40,70
94,39,8,37,61,90,90,38,100,75,58,48,31,76,20,35,18,10,9,21,18,39,25,63,85,73,84,3,52,10,12,83,73,68,7,93,28,76,13,98,40,94,48,2,26,69,8,100,67,28,32,4,94,14,47,1,99,97,27,51,28,78,66,60,43,99,42,36,26
78,67,42,70,23,100,89,62,86,49,94,65,94,23,69,25,97,5,91,45,91,9,17,86,92,1,26,72,94,63,61,18,37,0,19,2,73,99,93,54,41,2,90,46,95,57,60,15,27,28,41,67,13,67,72,0,54,10,42,80,63,53,40,79,33,91,70,46,15
38,64,21,67,13,8,79,37,38,6,48,20,82,15,82,34,23,82,56,1,88,78,15,8,94,50,58,72,45,59,59,91,90,59,33,72,40,85,97,10,48,44,77,76,25,16,6,91,40,60,59,81,24,34,62,88,97,60,86,28,29,89,47,34,34,48,94,3,41
44,43,31,47,49,54,60,15,94,88,3,11,5,97,100,41,50,71,81,36,22,98,31,72,61,52,67,30,47,80,1,33,6,60,83,66,77,43,19,83,94,0,89,45,4,90,1,44,81,11,46,10,55,12,75,16,61,77,96,36,37,62,77,81,78,54,70,79,47
21,59,100,75,3,73,97,71,89,21,70,75,53,52,9,54,36,77,76,80,84,52,25,73,98,79,5,53,36,75,67,30,59,22,34,57,78,43,76,92,23,41,42,52,44,92,29,47,35,21,72,75,65,85,67,24,62,24,64,9,54,42,65,42,64,12,38,94,57
13,95,68,61,26,96,45,8,94,32,52,29,85,87,17,64,35,35,9,74,28,36,99,62,24,86,63,65,80,50,86,78,94,27,63,16,67,62,70,48,67,30,79,23,35,55,22,95,96,89,33,39,93,2,45,31,90,35,76,54,69,43,42,0,88,11,62,43,87
95,2,67,86,13,71,64,33,63,97,98,70,35,45,5,23,37,12,65,20,48,14,96,92,77,26,63,74,50,41,76,50,36,76,87,88,83,11,25,54,3,70,87,68,81,41,19,53,67,37,13,87,20,69,3,14,79,70,49,32,51,34,45,59,4,92,39,38,71
91,68,5,38,52,14,36,17,44,2,1,69,58,28,89,6,54,29,47,79,1,9,86,36,60,62,35,49,56,60,55,14,30,61,14,6,22,31,71,82,7,63,17,90,48,18,92,6,57,10,3,41,3,39,5,0,10,0,15,97,38,68,36,47,80,94,5,12,15
82,48,35,15,99,51,77,61,3,35,10,24,56,18,72,75,6,63,16,55,59,96,100,74,20,91,39,25,8,19,13,58,43,63,8,94,8,75,89,47,38,74,37,93,87,87,11,80,60,59,7,2,71,90,45,29,76,17,13,28,98,35,96,26,6,77,25,71,85
26,30,77,49,98,95,60,61,25,69,13,66,69,78,17,79,34,51,3,81,90,15,16,96,60,73,70,11,63,92,68,98,87,79,25,25,56,24,30,3,90,28,7,75,6,98,17,27,76,71,83,70,42,77,59,89,91,86,22,77,10,58,59,62,9,35,99,28,6
52,37,40,80,67,95,64,89,30,66,64,33,35,33,56,76,46,30,45,82,28,35,84,63,53,43,74,4,10,81,47,21,23,89,40,69,84,34,13,82,37,29,97,88,96,74,100,95,89,58,96,53,37,15,76,20,66,99,95,63,72,16,39,25,81,91,61,22,61
70,73,59,7,69,18,81,0,25,69,73,59,36,20,85,68,49,43,6,65,80,67,40,40,17,37,67,28,80,64,0,64,38,56,70,48,31,26,32,87,10,30,88,76,59,95,23,68,0,100,11,79,59,84,72,88,33,57,13,3,18,82,68,17,82,63,68,31,19
81,35,67,57,82,48,15,44,9,40,1,43,29,58,26,24,31,46,30,45,2,11,66,53,70,0,69,89,39,28,53,52,60,3,29,22,72,68,45,78,86,41,22,96,19,71,9,47,68,94,67,9,13,62,80,50,51,99,62,99,11,10,31,14,73,46,87,69,96
19,100,17,64,39,41,42,73,36,37,42,70,6,52,62,75,19,66,65,8,14,89,54,100,25,22,28,33,6,5,32,36,37,75,5,6,90,100,78,27,60,82,30,42,43,20,74,46,77,87,89,39,57,17,72,76,65,92,48,24,39,81,10,93,1,35,2,87,45
72,68,6,56,41,89,7,73,34,49,44,50,31,59,6,16,8,73,75,18,48,60,87,20,52,52,10,23,20,27,78,70,40,98,50,98,32,48,95,57,33,58,86,24,55,58,29,16,44,3,50,35,37,46,61,28,24,84,52,3,15,5,9,4,41,61,68,90,70
58,60,56,12,83,59,33,20,37,42,88,62,92,63,81,70,18,8,2,18,99,70,89,52,73,85,64,63,78,70,61,99,83,44,56,20,19,7,26,80,2,20,79,59,24,93,68,58,64,20,23,83,41,2,93,13,60,35,98,92,88,60,54,8,82,48,39,78,22
43,77,74,9,66,21,40,82,68,14,44,17,84,48,92,88,18,33,16,38,71,64,33,12,20,22,81,4,58,84,93,19,51,42,91,66,95,6,70,97,5,72,13,80,42,73,51,3,87,23,3,94,96,71,49,44,52,41,2,44,16,43,33,50,33,0,81,23,43
86,78,15,85,10,96,17,79,50,71,69,42,10,51,96,86,86,96,92,34,79,36,91,54,49,8,91,95,54,76,38,86,68,19,52,8,86,16,76,32,7,88,19,52,38,45,21,65,69,81,79,6,9,62,29,89,70,83,12,97,74,70,86,64,96,70,10,45,95
86,12,24,5,62,74,51,47,76,38,42,27,25,75,27,45,80,57,90,82,58,42,57,32,33,28,22,98,30,56,68,92,19,29,48,64,8,38,95,72,19,71,70,12,41,89,3,37,11,32,32,47,18,57,0,50,89,4,100,4,6,59,61,13,19,98,62,27,39
4,98,66,67,61,69,9,51,27,47,84,4,39,86,95,43,49,27,60,95,97,85,5,2,62,95,13,44,31,18,37,83,100,93,16,0,37,46,89,21,91,93,100,3,54,63,18,46,93,69,88,51,42,38,56,92,51,33,29,43,93,53,54,1,72,38,53,0,45
32,16,81,86,95,41,25,81,87,48,6,66,57,6,33,65,85,28,40,85,84,74,20,28,37,26,76,68,97,100,34,10,92,21,9,1,41,55,38,22,26,71,34,22,50,95,21,72,98,12,19,82,57,65,57,66,22,36,95,55,60,67,58,64,47,67,45,41,78
62,59,55,17,20,43,66,37,60,72,48,89,61,13,8,24,90,24,54,53,14,54,90,27,87,95,88,48,26,31,44,75,38,67,64,38,23,59,2,11,31,79,54,13,92,18,21,91,50,53,5,37,5,86,87,2,33,96,22,2,92,92,49,66,90,22,77,8,98
31,13,36,89,96,45,65,60,73,20,31,25,20,19,23,84,9,22,100,83,8,57,59,78,81,4,28,9,21,1,41,81,84,45,27,97,22,81,71,59,88,15,35,58,95,56,10,73,84,79,63,0,40,4,56,31,16,27,88,99,63,34,24,83,93,91,99,15,4
59,39,69,70,21,81,41,93,57,11,88,36,68,100,90,77,46,76,1,76,38,22,0,94,33,35,0,31,5,44,43,76,88,24,52,98,36,1,96,30,84,53,26,3,88,53,100,68,53,57,43,80,59,39,20,83,17,64,94,100,79,80,17,20,43,98,88,31,13
61,83,64,81,34,41,74,93,40,13,87,64,24,33,26,60,4,0,16,75,5,62,41,53,6,85,82,13,34,29,9,8,58,37,41,16,13,89,20,97,5,12,10,1,8,90,32,59,79,63,87,45,17,50,34,34,15,97,10,2,93,92,2,72,36,1,46,65,50
29,4,44,57,16,1,8,12,95,24,87,95,61,31,79,62,43,29,2,40,74,47,48,91,69,12,47,72,42,27,63,94,33,61,50,32,11,56,1,76,24,98,91,26,22,60,85,42,59,7,26,70,36,38,14,47,17,49,52,39,32,83,78,32,35,19,53,18,50
36,92,51,9,92,65,17,37,98,99,62,70,58,91,40,78,66,30,50,6,21,63,11,63,6,88,5,10,16,97,82,9,98,55,61,91,8,69,88,86,34,71,87,64,38,88,11,94,35,65,17,43,34,22,77,43,30,99,23,52,0,67,62,97,30,90,66,48,79
100,58,50,8,73,35,27,10,44,96,16,88,63,68,80,24,56,100,68,99,53,12,32,61,85,62,34,14,45,6,46,76,97,45,2,75,43,32,93,8,11,72,10,90,42,32,99,69,91,70,58,56,45,1,3,74,30,18,69,82,22,24,3,49,72,80,85,94,19
72,34,21,42,69,24,49,85,38,81,49,37,24,62,62,55,92,38,50,94,0,51,84,36,84,59,49,19,47,53,21,76,96,75,76,83,98,20,5,43,5,61,75,52,99,22,82,47,83,52,39,96,35,81,100,84,70,0,62,31,65,44,62,94,53,75,4,81,30
31,95,60,31,2,43,10,95,30,1,66,96,94,4,27,28,16,59,42,68,67,34,41,21,70,4,12,40,9,38,66,31,24,43,16,92,5,52,82,16,85,81,26,23,33,64,73,94,3,86,62,97,48,19,54,19,62,90,92,42,15,49,30,37,11,58,59,84,5
62,14,28,12,18,34,48,55,68,1,7,42,46,32,9,95,34,15,6,90,6,15,60,57,57,55,43,85,70,21,46,20,39,93,86,91,57,22,30,93,25,20,46,90,6,87,69,10,90,23,28,26,15,13,21,19,1,85,24,10,96,28,24,55,15,21,7,35,64
91,98,36,82,12,60,52,20,67,91,93,16,85,42,57,18,48,67,94,50,93,34,75,35,32,34,26,56,98,93,57,58,6,33,59,72,26,10,22,46,39,86,1,63,58,34,11,95,96,75,22,100,12,88,53,71,43,36,27,84,15,40,60,28,21,40,50,92,32
80,78,87,60,97,58,2,69,10,11,80,70,70,93,20,84,23,40,97,52,77,25,9,95,11,22,12,69,56,81,51,60,12,82,23,67,64,73,38,46,43,11,68,96,20,28,69,35,22,39,40,47,19,47,66,76,68,20,74,84,1,75,69,55,59,77,57,91,11
10,45,62,95,10,31,84,18,23,83,57,100,35,69,4,64,92,19,50,11,49,44,19,58,37,0,54,20,28,5,100,86,39,91,4,32,19,41,24,11,98,6,57,76,79,65,80,90,53,34,100,10,99,95,35,19,21,72,4,24,74,83,49,54,55,75,45,70,64
21,21,14,100,24,72,64,88,10,23,90,11,53,37,1,94,13,2,69,38,87,55,58,37,33,90,59,1,64,72,27,93,57,95,15,54,15,13,96,29,58,51,87,50,27,10,100,6,19,74,61,30,28,90,13,31,30,8,97,7,49,79,18,70,32,22,24,56,6
96,90,44,80,88,43,75,16,93,79,73,21,67,47,97,48,51,7,89,58,45,29,32,32,14,88,80,18,44,32,29,52,43,36,73,49,58,20,69,85,44,31,59,53,63,74,41,94,12,34,90,19,25,46,62,47,38,0,39,47,91,86,66,71,48,83,65,59,21
59,79,4,27,24,18,53,99,61,84,84,43,11,12,88,88,23,65,16,43,18,45,32,24,52,89,68,12,87,44,46,96,65,99,80,17,14,47,20,68,4,65,47,5,53,87,32,88,58,87,69,50,36,81,87,14,79,74,74,36,25,22,60,23,75,23,13,44,76
73,64,29,91,25,77,35,94,21,55,1,41,57,40,35,62,13,33,4,43,88,69,53,22,0,9,83,75,87,80,15,45,39,11,80,71,35,27,38,81,83,77,40,81,33,14,80,91,66,32,43,43,89,73,24,73,35,100,100,97,15,2,61,79,69,93,1,7,26
35,9,74,83,34,7,56,89,42,52,35,42,7,72,98,78,49,88,84,74,7,71,94,74,84,57,74,90,92,29,45,26,29,77,28,17,10,5,93,29,55,44,58,20,91,71,4,28,37,38,88,24,35,30,8,63,45,78,42,16,4,99,27,100,14,13,69,84,72
72,34,17,65,55,96,41,22,41,54,90,45,97,0,76,10,11,35,7,7,89,34,6,28,66,70,31,21,15,87,66,70,5,87,28,46,87,8,11,87,83,53,22,58,66,24,66,57,45,3,87,74,57,32,27,19,19,98,55,70,10,93,65,77,44,70,81,29,62
90,31,29,97,65,32,32,77,74,80,14,85,84,92,69,7,12,61,34,17,41,90,43,89,82,45,95,34,66,50,98,63,68,17,10,79,11,48,21,40,54,60,0,15,32,67,3,89,38,8,6,2,24,57,49,87,57,79,50,26,45,1,80,12,63,51,67,65,42
56,15,90,18,90,52,98,96,7,35,59,1,96,14,18,38,23,11,96,94,74,52,95,100,85,75,55,81,87,13,70,51,96,28,43,75,26,18,92,8,94,49,59,61,96,43,68,80,1,32,76,33,54,79,100,24,56,46,88,97,89,73,80,37,58,80,59,88,2
33,52,91,95,48,42,97,67,63,7,52,28,79,7,36,32,41,96,93,99,81,12,71,51,73,52,31,34,68,33,58,6,84,31,1,75,91,92,78,99,85,13,70,91,39,93,72,78,25,61,93,87,41,18,11,39,26,55,76,58,17,70,49,2,13,6,7,53,98
33,13,79,13,87,28,97,14,28,41,100,40,69,59,14,72,42,60,28,74,92,33,59,38,76,44,10,3,22,98,71,13,22,18,44,60,29,35,98,1,4,90,27,82,38,6,8,56,4,12,14,96,79,90,23,73,27,23,18,9,11,12,5,60,21,22,18,50,58
59,98,75,75,34,46,41,74,95,84,84,48,36,4,79,19,27,77,60,57,24,38,12,63,98,7,17,16,41,46,78,78,46,90,61,10,8,79,59,13,18,34,90,40,64,24,30,83,62,24,89,5,81,7,33,15,39,32,87,31,81,68,36,34,58,26,36,99,42
79,43,91,7,27,99,28,100,76,37,92,40,25,13,55,85,55,78,17,44,77,50,82,78,83,94,25,73,32,63,51,89,5,66,92,18,33,27,95,58,21,30,42,93,4,32,44,30,26,95,93,43,97,46,32,18,27,40,65,71,3,79,93,40,19,24,43,28,93
34,91,100,89,19,39,80,0,14,56,50,55,29,0,30,35,4,0,85,67,96,14,65,99,66,56,15,6,76,33,38,66,46,52,73,17,97,41,59,76,59,72,29,6,24,17,55,43,42,100,7,3,74,61,64,92,27,52,58,43,30,90,32,52,53,96,24,80,42
82,70,14,49,15,57,19,29,20,94,34,98,1,61,53,40,60,91,21,3,69,41,72,27,55,65,15,99,9,52,81,91,48,74,76,26,39,93,11,79,17,4,65,54,34,59,12,20,39,39,82,42,83,27,64,46,52,16,50,48,24,42,32,89,73,97,70,59,16
63,79,76,34,68,66,29,96,78,77,74,41,17,76,50,63,6,24,2,100,84,76,28,22,55,44,71,57,61,38,54,58,36,63,30,12,47,47,78,79,59,47,77,56,1,92,97,85,6,64,19,86,82,63,24,46,2,44,46,49,71,7,19,52,0,10,53,14,63
17,17,96,92,66,87,60,15,53,0,29,34,98,8,29,17,58,98,52,33,4,88,29,65,68,54,79,8,80,44,44,4,54,71,88,31,21,61,61,36,77,61,15,91,88,20,72,27,74,38,24,35,64,73,22,39,80,39,31,82,2,31,93,64,26,90,73,51,97
64,11,33,10,35,80,10,87,69,32,80,68,14,85,55,49,57,65,27,61,95,54,16,56,25,57,84,68,74,99,95,7,12,23,96,19,44,31,43,43,59,15,31,96,45,6,12,24,2,85,4,20,44,11,60,12,89,48,64,78,89,11,63,20,1,44,58,88,54
76,24,30,59,80,37,89,80,15,94,70,76,17,20,93,59,16,66,1,42,4,33,20,75,90,64,61,21,7,2,0,8,10,86,0,97,29,43,0,61,89,52,86,34,73,21,27,84,29,40,1,12,18,25,77,47,14,88,60,87,83,87,3,44,7,42,100,8,17
61,88,97,32,16,37,33,74,7,52,82,28,89,45,9,63,6,25,41,80,20,72,83,61,46,85,80,25,64,18,21,67,76,28,66,0,99,60,69,72,14,13,2,99,8,98,27,77,35,25,63,25,15,99,85,46,26,85,78,99,95,0,99,13,47,95,93,24,52
78,83,48,56,8,32,49,3,94,51,83,84,58,75,95,13,97,40,28,65,44,50,7,77,73,36,5,18,97,89,50,74,54,37,88,87,87,5,56,84,47,42,43,63,20,76,8,42,60,57,55,98,50,86,48,63,21,69,76,68,49,72,59,34,16,43,37,96,83
