74,90,24,83,88,48,3,83,40,5,18,81,72,94,84,73,21,85,10,83,22,56,79,85,49,61,72,61,80,30,5,34,50,89,1
16,75,76,65,40,18,58,21,10,44,41,24,49,89,45,92,23,74,30,14,100,54,20,85,30,27,66,44,9,46,21,72,75,65,33
47,92,68,62,10,13,63,98,45,59,37,84,27,1,29,19,12,73,96,35,59,10,23,88,36,46,26,22,62,88,83,25,11,55,59
4,73,38,18,28,26,25,89,97,72,51,13,57,56,62,98,48,23,39,10,20,65,92,57,54,29,48,29,98,24,7,52,50,52,70
26,43,71,65,59,62,86,85,53,87,82,13,14,46,53,90,48,33,69,8,79,95,45,9,38,73,95,86,6,81,33,37,17,63,83
20,98,38,26,67,58,93,17,8,58,87,10,91,81,62,26,8,48,41,31,2,14,79,26,69,99,60,79,83,32,6,81,3,15,59
48,29,0,78,74,16,87,60,18,97,77,51,52,50,36,63,54,70,95,57,36,74,50,50,88,11,54,70,12,47,21,84,96,44,99
98,84,18,89,80,76,19,12,62,76,20,53,11,72,39,44,94,67,30,49,15,41,3,27,87,82,67,94,41,73,60,74,18,9,39
20,11,53,82,23,52,2,63,51,25,47,49,54,20,53,61,33,51,44,50,82,22,97,40,9,77,24,16,56,72,49,70,30,48,72
13,71,4,96,4,18,21,92,13,74,72,88,64,24,25,31,34,88,46,85,10,76,78,97,15,28,8,92,69,5,87,84,14,69,61
36,81,1,31,15,6,23,98,25,82,65,74,22,31,43,92,89,33,86,91,51,42,52,100,78,96,82,96,44,52,31,3,86,92,3
15,36,64,4,55,70,5,46,71,61,57,4,52,73,6,23,48,79,26,92,23,65,78,58,31,54,56,89,82,47,38,17,33,51,48
21,27,66,8,62,18,19,73,64,88,83,97,73,21,19,75,14,44,4,76,71,33,46,26,55,2,65,20,47,17,68,23,53,95,1
31,34,7,16,27,44,33,16,83,19,38,61,83,56,4,72,51,92,0,60,92,53,84,48,75,100,54,67,15,23,41,23,59,67,25
100,25,1,25,23,53,53,87,70,2,61,71,32,60,7,42,72,75,84,75,2,96,19,34,51,99,100,19,22,54,45,73,59,19,45
37,80,6,76,95,54,45,92,27,27,21,27,53,65,27,1,7,50,36,87,40,80,82,59,61,14,68,91,72,60,60,31,87,27,86
10,51,14,45,32,37,27,45,30,79,86,13,71,90,76,14,44,34,85,30,18,16,63,3,71,22,78,84,8,57,33,38,49,9,100
79,82,74,41,86,78,46,37,71,9,33,12,43,10,69,25,23,98,36,66,41,88,30,60,91,18,77,12,23,87,41,38,39,39,37
82,23,86,59,92,41,37,67,74,99,46,70,19,100,33,91,39,13,91,70,25,70,3,81,96,70,62,78,77,49,45,65,78,48,74
2,29,33,79,42,80,71,91,75,88,86,82,92,99,79,63,15,10,30,1,53,74,8,2,11,18,62,67,26,41,72,89,100,39,89
36,68,27,18,82,62,73,10,63,51,54,52,74,87,47,58,80,55,9,51,17,32,47,45,99,37,94,37,74,94,52,83,91,18,83
65,97,45,41,4,54,52,31,6,82,6,8,77,42,28,78,96,42,32,6,32,98,74,6,36,66,48,41,19,62,31,86,5,92,36
62,8,56,83,27,12,30,40,1,91,29,100,7,19,100,48,49,38,21,54,17,28,56,65,43,91,1,72,39,70,86,7,47,79,99
97,33,60,27,81,54,31,39,3,37,84,4,25,48,81,14,50,28,48,37,87,95,74,30,55,8,52,55,22,44,82,77,41,18,59
56,28,1,80,67,71,54,78,77,36,28,83,45,2,39,83,89,78,78,19,77,29,41,1,27,73,6,49,79,19,35,45,8,99,40
12,80,44,31,52,91,41,95,70,36,56,25,20,48,97,21,17,66,8,7,48,36,19,32,59,95,53,82,80,28,43,3,44,53,27
71,18,38,41,33,95,93,29,89,31,75,25,13,98,50,65,32,39,12,38,38,32,72,82,35,66,9,37,69,2,79,86,6,84,90
3,12,19,82,10,26,24,91,56,76,2,93,60,74,78,83,91,54,28,4,34,41,42,54,24,70,96,1,27,44,75,76,72,78,45
18,70,94,4,87,76,16,85,38,24,22,33,87,89,24,7,93,10,38,72,2,15,5,62,99,38,97,16,70,23,13,50,74,27,72
1,58,95,6,5,7,35,88,19,67,29,54,63,44,99,1,28,25,40,36,61,84,100,43,39,68,4,31,79,3,43,97,98,64,75
42,88,95,63,21,78,1,99,88,16,70,40,83,45,61,0,37,50,65,90,52,40,18,32,67,90,34,24,67,24,53,57,51,22,43
23,83,21,25,55,76,33,9,37,59,92,75,27,35,41,3,0,88,46,21,71,18,84,58,69,61,44,71,96,64,94,12,48,2,61
78,79,19,59,12,11,25,29,59,94,2,53,90,16,94,73,81,94,66,16,20,76,76,41,83,73,49,98,54,20,43,10,8,94,2
53,68,52,0,59,3,30,83,7,26,15,41,35,1,81,5,87,62,50,30,27,56,77,24,61,8,26,33,46,87,63,63,29,33,32
42,35,30,94,46,47,76,46,25,51,80,7,89,94,66,100,55,66,57,35,34,79,63,7,68,69,30,66,22,99,59,39,65,0,9
84,68,72,47,65,10,12,71,28,63,49,21,46,69,68,58,59,48,18,34,61,6,45,81,100,78,26,47,30,2,69,93,9,18,49
100,0,42,44,98,47,98,4,73,25,90,31,7,79,49,49,4,20,74,30,9,17,18,79,49,45,13,47,22,98,36,92,94,70,40
42,75,29,22,26,70,44,35,9,9,0,57,89,39,64,94,55,18,52,52,46,59,58,42,82,34,5,97,44,70,86,17,35,97,99
1,69,57,62,67,63,96,30,82,45,17,11,50,37,34,65,42,95,15,62,52,16,2,86,52,65,78,57,98,18,16,48,64,98,95
44,75,51,37,99,0,48,93,54,78,95,52,85,96,26,28,3,5,16,71,59,98,15,28,40,74,23,86,22,90,44,47,66,36,98
57,40,76,60,14,36,49,62,7,87,56,99,38,32,53,28,85,37,67,92,56,5,89,30,68,61,69,80,61,87,9,4,15,14,79
12,10,79,80,82,85,49,8,28,16,38,72,77,11,5,70,39,49,83,99,96,86,26,47,47,56,58,0,35,35,45,30,6,13,19
67,29,21,41,53,29,28,17,0,85,89,28,68,92,0,41,81,98,43,78,40,71,72,28,66,52,94,97,2,35,85,92,36,65,61
79,98,60,15,26,61,23,88,55,60,85,87,80,61,88,24,45,1,20,35,83,75,70,44,31,7,47,54,89,96,55,56,39,33,78
27,46,87,93,59,83,8,59,34,19,13,5,6,60,94,15,2,41,11,68,70,59,53,87,100,85,90,64,75,42,29,56,54,48,68
72,55,18,17,73,26,84,13,97,8,39,65,18,17,12,52,83,92,93,20,76,86,66,33,93,58,15,94,60,73,19,67,22,57,84
12,40,66,22,17,38,13,43,34,82,53,58,85,100,27,89,60,99,89,41,98,95,62,6,99,66,32,24,65,44,6,47,98,91,99
38,54,88,63,86,84,41,46,10,73,20,3,48,50,77,29,24,7,37,28,99,55,28,49,40,67,3,85,69,44,16,20,41,35,51
44,60,65,16,57,99,60,43,26,60,9,45,17,98,69,76,65,50,37,70,2,42,32,9,56,88,40,11,46,80,85,56,78,43,57
33,3,91,82,64,82,47,52,98,22,20,93,18,98,73,28,26,49,10,55,57,33,39,20,18,93,42,65,49,7,90,63,11,76,22
31,61,87,32,14,38,29,29,37,12,32,21,23,97,18,34,50,10,65,88,82,83,4,100,93,57,23,36,5,51,50,33,99,69,31
76,10,78,3,42,26,28,41,64,72,30,4,27,37,64,81,95,71,66,30,47,48,38,85,90,77,70,61,96,88,62,26,64,99,22
94,24,71,7,21,81,99,82,44,84,66,77,74,57,1,73,72,2,52,32,10,62,32,61,15,29,96,75,23,55,50,81,19,65,41
99,40,58,27,79,45,20,11,78,13,24,73,7,41,6,90,54,46,20,95,78,98,18,86,80,24,19,77,0,3,31,47,8,54,53
85,6,38,69,94,63,29,47,15,73,87,92,14,87,93,29,5,45,98,82,32,99,20,18,61,83,70,91,98,82,53,67,96,92,67
47,38,80,69,51,89,11,63,78,75,29,74,49,34,50,71,40,18,84,17,15,23,15,42,97,36,3,36,90,16,53,79,20,7,96
5,88,12,53,45,99,31,14,43,92,34,41,66,45,53,34,13,97,2,96,39,60,59,27,93,4,91,14,47,40,26,19,36,7,70
64,40,41,22,52,19,91,10,19,13,12,78,74,34,21,7,64,66,45,86,40,59,87,59,47,93,86,49,64,49,20,98,12,96,4
30,67,97,46,91,75,59,1,98,72,8,76,91,98,29,31,99,28,85,53,3,0,46,26,100,4,60,91,64,69,79,12,1,47,38
31,66,2,71,69,6,7,18,40,32,38,46,3,45,35,71,36,9,6,54,88,39,76,67,59,17,40,67,35,16,85,86,72,9,51
41,46,72,53,44,16,21,2,15,14,31,33,51,81,18,32,15,34,64,88,99,59,28,67,63,96,94,45,30,69,28,58,46,8,44
19,9,98,11,78,67,85,14,22,80,92,10,2,29,97,51,92,44,71,58,27,98,67,81,33,95,68,34,8,84,61,93,57,84,93
32,13,44,55,53,83,74,73,45,53,91,56,100,99,0,6,8,52,67,48,99,14,79,74,85,55,38,92,98,89,13,28,74,11,100
63,3,77,16,30,21,66,4,29,18,64,45,64,15,43,31,67,85,49,18,22,34,43,2,60,12,92,36,3,65,34,36,30,42,83
39,99,1,21,72,42,40,84,94,77,77,1,85,63,2,61,26,32,33,14,18,75,74,100,86,47,68,48,16,73,56,74,51,32,57
13,53,69,64,95,53,90,86,26,97,18,69,12,97,69,71,9,11,99,90,71,98,89,62,7,90,29,36,98,79,50,83,48,18,3
96,79,9,75,6,31,48,23,38,13,68,64,4,32,41,77,63,15,15,56,27,73,69,0,86,93,40,8,31,14,36,63,55,67,50
56,17,29,62,28,95,80,84,54,49,56,21,49,64,75,11,85,80,79,7,59,73,89,3,37,40,100,36,64,18,88,93,70,41,44
49,83,60,33,94,62,28,61,75,23,38,25,90,84,13,61,71,47,18,41,70,35,73,57,54,78,87,33,16,95,21,69,1,53,11
70,27,86,16,11,10,14,7,95,93,85,10,23,30,97,72,57,47,93,1,72,88,26,19,41,79,40,1,94,80,99,40,49,18,81
