53,36,2,58,28,75,58,99,9,24,19,46,17,63,28,18,43,72,41,88,68,14,15,67,77,60,19
29,62,88,69,89,81,24,19,98,89,64,47,82,34,64,44,89,85,100,34,55,5,7,12,76,35,31
5,21,9,50,100,18,54,91,87,49,25,82,79,38,75,62,27,36,72,44,93,23,36,42,0,83,37
56,28,34,27,88,51,47,75,16,5,74,55,11,0,54,33,16,3,75,51,43,93,12,87,3,80,21
27,75,38,93,56,43,77,48,22,85,40,99,24,26,97,74,2,94,48,61,63,96,99,12,50,0,58
80,46,99,46,24,38,36,98,69,62,50,42,69,7,2,93,64,44,77,59,86,91,63,42,99,84,15
35,40,1,3,59,17,52,49,80,50,2,5,94,6,68,13,1,14,27,95,59,40,30,58,31,72,5
48,72,89,68,75,56,81,50,78,19,49,30,44,16,69,98,45,18,52,55,44,12,90,78,21,24,22
9,26,33,43,62,42,11,96,86,34,50,28,58,83,90,11,74,47,74,71,27,57,5,68,11,3,11
10,81,97,91,51,45,77,76,99,63,11,1,93,59,50,8,39,14,29,97,23,100,58,71,38,48,61
30,91,95,88,47,41,0,67,9,53,56,81,41,19,96,61,36,98,1,35,37,42,70,79,46,73,37
71,36,43,26,51,32,63,62,74,98,39,87,28,19,99,43,97,54,95,78,81,66,85,96,84,82,85
15,88,66,15,27,63,48,81,72,27,43,44,61,69,92,2,98,88,69,52,42,72,9,63,27,77,0
43,21,44,38,53,59,97,16,56,60,38,4,1,20,67,93,77,55,26,88,99,65,41,86,76,3,86
34,23,75,26,15,73,40,80,84,67,0,76,82,70,7,71,75,10,19,75,67,28,27,60,30,26,70
54,28,22,24,88,7,99,28,13,59,45,77,93,89,22,26,95,88,69,77,46,28,94,88,96,25,56
66,66,27,35,31,49,37,42,91,18,62,90,54,9,99,66,96,22,97,29,8,28,35,17,89,20,93
76,51,53,27,59,8,6,100,98,94,89,58,11,81,50,43,15,98,21,97,38,31,99,7,1,0,97
84,84,52,11,42,22,11,82,95,19,99,55,81,24,57,90,91,98,30,74,75,7,29,39,95,93,16
50,14,93,60,97,3,63,6,100,40,0,16,54,3,13,77,98,87,90,36,38,21,87,88,55,93,61
25,95,100,20,11,46,96,16,74,8,35,5,33,56,4,31,59,10,67,64,84,87,34,62,60,51,19
43,66,9,42,16,76,85,30,90,30,88,57,4,87,11,87,61,61,48,70,84,53,68,47,21,87,100
2,25,73,88,25,38,79,99,82,70,97,87,37,33,48,64,28,14,40,2,11,5,94,38,21,86,45
52,11,6,56,63,59,97,17,13,27,13,55,20,36,28,96,21,5,25,2,66,37,24,61,21,57,26
38,83,5,77,16,35,1,95,33,24,49,9,5,90,16,96,97,60,72,81,24,62,7,42,52,65,9
69,82,48,8,27,85,25,88,15,15,7,27,62,81,30,43,64,94,35,27,99,86,29,65,93,81,4
6,57,70,7,55,29,78,19,29,59,21,43,94,2,42,18,74,74,9,59,44,31,92,73,78,54,1
85,32,4,9,33,66,12,81,1,42,98,8,38,27,80,88,60,16,77,21,55,66,47,1,34,3,61
8,46,88,79,55,44,51,52,85,28,49,4,51,96,39,41,32,72,8,8,0,10,73,88,46,56,23
39,74,43,24,92,45,62,21,59,20,39,61,87,50,24,87,50,88,53,98,90,90,8,50,50,52,93
54,1,2,18,79,57,35,79,69,24,97,6,81,0,0,83,0,36,17,55,70,94,11,35,10,16,58
82,66,100,98,15,15,65,29,11,15,53,15,91,34,52,5,17,8,80,8,16,69,98,37,19,73,87
90,13,33,62,18,57,60,51,10,100,94,64,90,38,82,94,88,3,76,32,10,11,39,14,23,95,42
64,32,1,91,35,40,81,32,42,51,24,83,100,15,59,82,11,56,49,35,34,17,59,70,41,89,83
75,45,40,61,2,81,42,36,32,42,17,82,26,87,15,58,96,47,30,37,99,79,28,16,60,50,77
