27,74,50,43,47,69,94,15,6,23,25,80,16,69,77,80,74,10,37,10,52,4,56,68,29,13,14,24,61,64,73,54,37,77,28,38,55,88,99,50,9,0,95,0,62,57,33,65,31,15,91,71,8,23,83,26,3,47,38,7,64,18,68,20,63,7,24,42,57,81,61,65,37,69,83
65,85,100,65,35,45,67,60,34,87,14,58,38,57,62,66,60,73,66,5,88,62,83,62,26,81,76,61,38,63,12,17,0,14,74,10,94,92,13,99,98,14,21,86,70,67,95,23,45,31,0,69,29,56,73,9,2,97,53,6,35,75,70,5,24,52,39,83,34,89,100,94,76,24,62
90,44,40,34,64,86,13,2,58,16,73,2,99,10,72,88,93,31,40,70,78,51,56,23,6,59,69,34,92,12,85,65,40,73,70,67,97,43,9,84,46,90,49,33,82,98,13,36,39,34,67,22,24,70,100,27,34,3,93,51,95,13,6,10,12,91,38,87,33,71,13,0,44,90,37
83,59,50,51,93,63,40,6,58,45,34,93,72,100,98,51,36,99,25,64,26,33,0,96,27,66,77,8,54,87,28,3,81,90,37,10,13,60,43,25,20,72,53,82,29,43,15,11,61,31,61,12,82,56,100,82,40,64,65,38,20,88,99,17,6,71,8,41,48,93,79,82,28,31,96
52,23,87,51,4,38,38,50,96,69,20,1,72,46,63,40,34,55,9,39,73,36,11,60,89,5,22,62,35,14,65,9,68,32,3,34,34,51,42,27,38,76,90,83,10,0,91,90,0,1,87,60,78,74,57,10,100,25,42,54,48,39,72,57,29,86,93,94,21,60,62,9,0,77,98
31,54,61,69,10,25,1,36,1,1,80,83,55,39,15,64,95,39,68,12,62,42,78,26,39,56,63,21,73,66,23,33,24,14,10,71,12,58,25,60,73,96,59,42,81,60,100,98,18,20,20,19,89,51,35,26,16,5,47,63,53,97,53,73,19,100,51,39,6,99,27,32,3,87,19
98,40,6,56,58,37,14,55,49,45,8,25,4,70,3,67,94,69,3,32,81,74,35,26,37,68,22,97,36,77,66,59,72,35,96,99,74,86,22,14,56,84,58,78,71,60,92,71,6,94,99,91,88,21,72,32,91,10,50,37,75,16,90,39,29,35,100,33,56,71,36,28,48,75,32
48,77,47,19,63,4,63,4,48,27,12,33,14,94,17,26,66,7,26,50,16,83,59,86,73,23,83,62,98,86,61,23,3,50,59,78,48,8,5,23,33,49,24,57,84,82,41,26,67,68,25,42,6,46,82,71,48,13,100,43,22,95,32,43,44,73,47,17,36,91,12,29,52,47,95
87,29,16,66,47,15,67,72,59,54,78,80,31,80,7,42,28,39,45,95,88,12,3,24,75,24,37,47,73,27,20,75,48,5,17,63,19,27,40,27,92,92,70,84,57,6,46,87,46,82,100,72,4,11,59,67,23,78,99,82,62,96,84,0,33,15,18,18,26,46,76,9,17,30,75
81,84,95,45,72,34,13,86,95,18,0,39,59,55,61,11,91,96,60,94,22,70,23,68,33,85,66,44,45,85,48,98,3,80,39,6,1,23,29,87,64,16,29,30,81,51,25,24,40,68,97,12,54,95,63,44,40,57,59,58,81,88,60,95,60,79,49,36,61,70,10,26,97,27,69
93,71,52,75,14,1,94,81,65,25,49,40,33,28,46,47,9,53,24,34,15,50,47,4,56,31,75,100,98,52,2,7,9,50,79,53,50,54,67,7,62,56,79,39,6,82,90,0,79,98,61,30,21,30,61,33,4,66,79,9,99,19,17,78,24,52,27,21,33,42,80,94,39,89,77
22,73,2,61,7,79,22,74,11,12,72,68,55,4,78,16,30,19,58,99,0,24,1,20,73,82,92,86,83,54,67,96,86,63,13,91,94,23,43,68,41,44,21,80,44,46,74,29,28,61,9,14,100,30,30,95,89,95,13,89,97,47,22,23,0,1,12,55,77,52,2,33,0,23,21
1,30,17,26,96,97,59,91,85,7,90,11,50,37,69,25,45,51,24,80,68,49,71,40,79,39,36,48,11,77,90,26,88,91,9,82,72,88,80,0,5,30,87,77,77,48,51,51,6,52,48,95,28,23,93,26,71,38,71,81,40,94,9,89,34,1,24,89,71,0,94,96,31,43,42
89,21,6,24,31,99,93,38,12,34,5,37,28,36,79,80,23,7,87,55,47,26,85,89,98,36,27,54,29,14,97,49,74,97,42,37,99,95,2,51,32,62,67,58,76,16,60,5,18,66,13,74,49,96,49,7,4,10,3,99,97,89,77,70,51,83,21,1,44,79,5,97,100,16,88
43,48,88,25,18,68,10,89,34,72,81,75,15,36,58,59,28,18,60,80,67,40,34,50,1,12,73,56,89,46,44,22,84,82,32,27,52,54,70,31,64,83,51,11,28,25,43,30,24,73,63,96,100,77,87,14,91,56,18,43,81,49,73,34,77,30,65,96,25,99,20,52,33,20,15
87,50,9,79,95,6,58,82,16,52,94,81,98,60,38,33,97,94,20,51,6,17,90,75,44,15,3,30,77,77,26,49,48,7,94,32,52,7,24,16,74,64,50,76,15,5,94,98,5,20,5,24,76,25,23,36,99,78,80,84,53,89,46,69,90,7,6,90,78,69,26,26,41,92,55
87,94,35,5,18,83,36,17,67,75,27,59,22,56,35,70,90,31,37,5,23,0,57,98,50,37,42,40,5,39,10,55,15,99,33,51,95,67,23,11,70,47,99,50,8,71,19,9,48,29,63,83,23,68,11,97,37,26,88,43,17,27,95,49,91,1,59,55,88,74,76,18,71,88,96
49,70,58,85,74,15,76,26,21,93,29,60,24,28,0,69,17,3,74,95,64,86,38,38,30,69,81,52,96,7,29,51,38,76,14,75,77,49,53,84,64,85,100,31,28,87,44,38,13,5,17,19,2,79,55,36,55,41,28,36,54,36,83,1,53,83,67,16,50,97,91,36,44,87,61
5,30,63,77,13,16,80,48,23,88,75,50,52,36,55,53,83,79,69,84,49,3,54,98,28,72,9,41,90,78,20,97,49,99,69,18,57,47,38,26,40,13,36,29,42,29,94,39,8,6,63,2,97,68,70,60,4,26,81,93,48,27,91,90,88,97,34,83,93,48,29,21,77,55,73
92,0,49,47,39,68,6,57,54,15,16,36,42,18,11,36,93,34,67,87,17,0,9,92,26,94,21,96,7,54,94,69,41,95,77,39,86,76,24,96,86,53,48,46,20,85,79,43,28,68,53,35,43,73,60,88,1,11,8,90,5,23,35,69,71,21,22,78,96,76,55,84,1,27,50
83,71,46,67,63,38,15,100,27,64,81,81,22,71,55,25,71,49,38,75,75,40,0,58,57,65,36,90,73,85,11,48,39,78,74,24,92,58,46,30,94,9,20,28,51,16,28,9,73,25,62,66,0,36,34,43,7,8,96,2,60,7,8,100,39,57,35,43,72,37,51,8,62,88,32
57,94,33,6,34,17,74,20,1,53,88,39,58,94,44,82,67,16,54,14,77,82,10,43,9,61,12,75,67,20,34,38,7,95,9,59,30,73,84,89,43,40,48,80,35,83,79,1,9,49,48,92,26,68,60,84,82,91,42,53,17,52,93,10,60,11,45,47,26,6,3,95,50,6,58
92,87,36,13,10,89,13,51,94,12,71,46,42,40,81,74,58,27,2,53,75,70,30,63,64,48,0,95,79,46,56,62,25,26,100,52,10,7,94,12,52,88,83,50,63,39,60,86,40,100,65,8,77,100,55,61,41,70,26,22,17,24,73,47,12,30,78,76,12,9,24,97,71,39,54
65,97,93,45,9,6,78,53,16,42,37,15,97,35,4,12,11,38,83,73,44,13,28,57,85,31,41,33,67,73,20,75,78,85,96,94,45,53,92,35,10,27,64,19,84,30,82,24,34,12,82,34,72,41,47,91,97,79,14,35,5,80,32,26,57,78,73,76,82,72,91,55,79,0,80
95,26,2,14,92,14,68,15,100,42,79,93,70,52,25,38,98,19,95,1,55,8,5,23,2,10,73,81,88,37,70,8,59,37,15,41,44,92,97,33,80,87,70,43,4,79,75,46,53,100,42,16,4,26,62,69,22,71,31,80,71,68,90,52,19,34,26,0,0,84,55,60,76,3,65
85,95,79,75,37,35,25,85,60,95,23,90,34,11,64,96,91,49,83,83,64,56,61,45,19,17,29,87,29,78,85,80,92,99,9,35,3,15,78,59,48,2,23,41,88,41,75,36,2,85,97,50,15,54,34,84,41,7,22,67,60,76,59,26,30,73,34,77,30,25,39,83,0,74,66
79,60,82,34,25,88,99,20,65,2,33,75,52,12,21,52,20,7,32,63,44,43,78,34,48,42,1,83,73,45,47,33,94,55,96,56,38,82,11,71,13,40,12,40,26,52,4,6,55,14,43,79,23,58,19,60,38,96,95,30,79,53,70,28,4,98,50,84,61,32,38,98,7,17,46
53,36,91,65,58,57,81,34,51,48,50,45,95,60,50,69,46,86,44,80,39,18,31,18,46,39,55,94,19,95,5,89,86,54,64,66,70,77,5,18,18,85,4,60,54,34,53,59,3,21,40,22,42,50,27,79,25,13,69,98,55,34,46,44,3,5,12,60,79,50,72,23,94,34,91
96,100,63,0,60,65,16,1,32,99,68,43,96,28,31,46,6,21,14,73,9,63,20,73,41,74,43,28,60,53,52,47,56,94,31,83,75,96,50,15,46,98,37,60,8,29,48,57,71,33,96,44,90,0,12,81,73,79,30,72,51,69,90,79,1,59,98,93,47,31,16,41,84,54,27
51,77,40,37,12,96,32,14,43,26,63,32,2,43,33,10,72,49,24,55,40,9,13,45,30,77,63,5,32,68,51,56,39,90,44,47,45,61,23,38,72,61,73,51,62,100,22,21,2,52,69,34,17,20,41,23,100,77,22,35,44,100,69,48,64,10,44,85,16,34,14,52,53,27,83
30,40,64,72,89,54,19,98,37,42,47,45,21,34,67,27,56,0,94,42,78,20,6,52,14,8,15,3,9,54,9,93,59,64,18,33,67,47,96,77,36,87,71,12,19,48,9,99,2,89,89,15,53,97,39,16,72,45,93,87,86,64,36,30,76,91,92,86,93,56,69,68,22,86,64
90,46,75,51,67,79,64,41,51,38,89,49,56,41,20,41,39,60,36,53,6,6,55,76,34,73,34,11,41,61,3,94,98,23,78,19,2,49,90,10,61,26,17,4,45,12,94,28,22,9,29,47,54,35,82,68,74,48,21,54,96,54,12,27,66,74,50,90,59,53,25,8,21,55,65
33,71,53,58,9,44,98,3,1,8,63,82,71,68,94,96,19,38,8,74,81,39,6,13,30,17,36,68,31,5,0,0,58,3,74,47,43,82,93,16,90,72,90,22,14,3,57,79,56,95,70,25,52,35,13,10,75,20,88,18,89,41,44,30,25,74,94,76,97,7,1,87,30,3,3
15,10,43,72,83,30,52,92,17,74,8,27,38,19,86,48,7,43,56,96,73,80,7,61,3,94,0,87,8,46,51,75,16,17,0,45,12,20,99,31,35,41,7,75,27,63,11,65,66,93,44,27,75,96,35,1,1,97,56,15,2,79,83,83,78,7,79,41,100,63,51,94,72,45,34
48,8,27,86,7,98,56,11,35,91,98,74,8,80,99,52,87,100,52,58,97,76,42,76,32,45,74,37,25,7,41,44,31,1,5,25,2,18,76,20,50,68,9,81,66,75,82,1,39,73,75,17,3,18,38,44,83,41,83,66,57,34,95,47,92,38,26,30,15,5,73,50,65,12,45
92,36,19,46,84,3,93,52,76,11,82,94,88,71,63,80,36,98,55,10,58,78,20,95,18,53,87,34,77,97,13,79,78,62,27,35,42,22,49,11,23,16,81,78,45,77,98,30,79,73,85,5,36,61,45,22,55,72,69,62,4,96,20,13,30,48,8,63,68,47,76,64,37,49,54
32,87,69,84,10,72,97,29,20,33,62,37,36,17,57,53,31,34,81,87,73,93,27,76,66,95,3,59,48,29,63,74,37,73,13,53,56,67,62,5,63,17,10,33,37,0,97,38,35,99,78,42,85,13,45,28,86,24,27,27,13,19,74,70,79,15,72,63,4,33,95,6,55,30,80
79,99,27,74,69,6,85,35,89,71,74,22,19,72,20,15,91,84,77,31,62,48,78,97,91,99,31,7,61,11,42,58,3,70,87,31,69,79,87,10,82,27,58,1,13,78,11,16,16,35,19,74,39,46,45,76,37,40,74,93,90,48,82,93,75,84,35,73,22,60,21,76,96,36,30
8,65,65,37,33,29,22,62,97,85,96,78,26,84,92,95,16,22,93,54,78,48,97,2,28,31,84,7,77,16,82,41,74,67,97,20,46,59,94,13,81,51,45,24,72,77,26,62,84,91,45,79,39,38,30,60,36,85,53,77,95,3,30,37,64,1,31,6,94,82,97,59,47,35,24
61,38,75,91,8,66,48,85,42,75,32,7,96,57,30,18,9,74,55,14,100,10,43,58,84,7,94,42,91,87,54,62,20,64,70,30,17,74,61,41,54,77,69,99,11,12,51,2,48,62,74,65,47,48,8,25,13,65,55,69,42,24,56,68,14,97,10,0,22,21,76,72,35,85,95
65,5,35,5,55,54,84,67,75,11,21,56,3,95,88,11,100,4,24,86,83,81,12,18,63,52,5,59,95,79,24,35,22,47,90,40,59,15,15,15,40,6,7,19,19,40,4,62,66,42,97,47,84,1,40,7,10,22,7,62,22,98,97,59,61,61,100,81,12,12,74,97,74,65,44
21,58,92,49,19,23,72,38,74,10,13,78,78,71,91,34,49,91,51,38,82,50,75,8,94,57,21,20,96,41,63,78,56,29,18,3,92,9,28,97,38,26,95,63,25,5,66,96,99,78,40,45,34,10,59,41,49,56,29,7,35,65,75,21,65,2,24,31,37,41,90,86,16,18,6
17,31,69,41,95,44,11,68,35,77,6,68,48,65,28,41,39,57,0,18,74,6,36,82,11,57,5,76,36,80,69,12,56,79,66,39,94,80,94,38,33,41,54,19,86,73,88,29,0,19,21,41,92,17,75,10,40,80,3,90,29,65,28,17,21,25,75,51,17,71,36,100,20,60,10
83,30,89,69,76,14,82,69,1,61,23,45,9,92,29,64,88,31,12,73,19,65,74,59,20,7,62,35,6,26,73,76,45,26,83,22,65,99,86,36,41,7,44,51,43,90,73,5,94,70,70,4,72,94,19,62,84,31,68,73,59,71,86,29,19,8,37,77,51,35,67,43,44,71,32
36,79,66,76,21,66,85,22,11,40,70,38,72,57,9,65,83,73,7,81,19,31,79,88,29,71,2,62,12,48,62,82,12,27,1,95,1,50,57,10,30,93,42,25,46,10,11,84,76,24,56,58,75,71,30,40,98,5,76,17,25,17,33,93,41,42,35,10,73,33,51,90,86,40,7
5,49,57,37,58,32,1,6,53,81,15,6,9,25,83,21,25,36,10,0,73,80,40,45,51,15,75,39,89,25,2,1,76,65,95,2,78,47,31,35,82,96,58,78,97,14,75,40,72,32,100,39,100,42,86,71,67,13,39,47,91,41,3,66,91,6,15,36,31,37,21,55,4,45,22
63,23,48,39,77,47,57,10,7,94,19,9,82,42,14,39,27,67,83,89,25,56,70,33,60,86,13,83,63,78,53,0,74,31,23,58,46,15,96,67,98,8,45,40,6,1,87,66,55,84,34,72,66,99,0,14,39,60,29,12,94,4,88,48,93,46,66,53,66,55,52,84,59,45,1
48,35,82,55,25,24,5,69,15,21,22,53,91,31,28,3,85,15,1,53,100,16,58,58,92,15,38,99,27,21,42,99,14,12,21,58,58,60,34,95,70,58,91,25,77,5,25,86,8,83,7,97,18,58,33,41,27,73,65,80,80,72,85,23,72,5,38,17,38,15,70,29,69,49,100
94,99,63,40,23,74,99,64,72,17,58,37,53,65,50,95,50,83,79,53,45,58,65,0,36,43,0,91,54,67,85,40,12,25,68,41,69,10,32,36,82,49,50,83,8,52,66,90,73,65,59,44,33,98,9,24,92,4,7,16,35,56,82,67,35,45,81,60,69,3,92,56,60,68,84
9,11,11,88,6,86,92,25,19,79,30,16,26,92,70,12,91,12,64,43,7,90,69,97,97,67,55,3,33,97,40,1,9,17,37,91,69,80,12,22,11,23,60,79,52,96,88,42,59,34,88,48,97,46,31,29,54,43,56,25,66,45,89,52,65,71,39,31,42,71,19,60,55,22,16
62,15,78,29,25,50,33,56,8,100,21,35,78,7,28,16,19,55,70,19,9,29,17,17,33,93,13,83,82,68,50,80,53,68,20,40,82,23,11,27,89,40,53,87,6,25,55,48,93,18,3,54,98,0,77,62,74,43,77,39,1,81,51,60,95,10,67,39,53,99,41,11,49,55,17
29,56,76,81,59,26,28,12,82,80,56,45,89,18,43,52,30,60,45,9,62,80,32,85,28,12,13,50,57,81,38,80,52,79,92,52,48,3,28,39,50,61,58,48,95,9,90,12,25,5,4,23,18,61,89,32,3,99,53,73,76,14,15,10,93,28,50,87,66,88,22,60,47,90,89
45,56,2,48,26,14,90,11,48,16,42,52,55,2,55,91,83,23,18,18,1,16,65,24,66,42,59,9,73,72,29,2,29,72,82,7,49,11,99,71,25,7,100,1,68,77,13,99,46,67,58,9,46,76,23,53,9,40,40,16,17,97,23,34,85,3,63,89,28,97,93,81,72,98,1
89,1,79,44,37,34,79,100,7,93,63,39,69,53,66,35,57,52,66,49,80,84,87,4,58,53,3,58,95,6,40,16,4,42,87,69,39,3,67,0,35,86,87,24,79,92,38,67,21,40,34,43,92,2,6,95,47,1,33,73,65,0,63,97,3,38,28,69,7,23,18,57,67,34,84
33,75,96,82,79,95,25,29,72,0,29,10,44,21,74,26,40,0,62,96,24,89,80,18,42,79,39,23,13,48,90,62,45,42,64,55,18,65,45,99,54,94,62,22,94,93,49,82,49,26,42,25,4,12,66,55,60,47,50,65,64,53,34,58,22,93,63,47,84,96,16,77,85,68,97
