98,55,22,19,3,82,61,31,90,14,90,94,68,51,16,58,43,58,56,79,15,74,42,14,27,13,94,67,55,10,1
83,84,63,37,57,99,100,27,9,3,25,91,42,95,12,80,45,31,67,55,50,21,92,100,63,94,16,19,21,41,87
31,17,90,68,95,100,44,98,51,31,12,70,78,60,8,67,19,46,25,16,24,52,7,96,7,6,60,7,54,28,17
96,55,58,65,37,79,49,82,64,82,93,63,52,76,13,1,80,32,37,91,94,78,46,0,61,80,15,90,73,19,47
50,26,31,35,74,36,2,87,66,32,38,11,91,68,78,81,95,60,100,25,20,88,75,7,11,52,77,35,34,69,93
66,16,18,84,73,26,47,97,75,4,37,91,67,56,72,12,46,34,86,9,59,22,81,53,93,19,78,80,63,77,50
95,64,9,55,97,72,86,51,46,99,27,59,31,86,71,38,46,69,68,51,3,31,62,64,25,75,94,2,36,61,84
18,16,43,29,4,60,41,50,19,23,73,46,8,40,96,5,5,18,23,96,40,64,89,41,72,75,41,23,21,36,81
28,63,95,84,37,38,36,78,59,49,96,73,81,7,46,28,98,20,5,41,84,52,82,0,5,50,10,20,29,24,51
59,46,100,99,8,15,86,53,86,4,58,75,79,17,43,72,30,32,54,76,43,8,0,57,33,78,60,66,12,27,95
13,6,87,47,1,19,86,9,87,63,70,78,37,89,31,49,27,13,53,2,35,14,98,9,26,53,43,89,8,85,25
27,98,37,45,51,64,53,9,56,21,61,2,62,41,11,3,50,98,80,3,53,79,64,81,23,77,32,16,75,26,3
32,18,2,48,37,46,81,75,85,85,94,54,11,72,38,33,8,24,46,59,48,14,31,72,0,69,72,63,59,71,37
73,19,24,19,96,50,57,16,13,57,79,32,42,69,87,94,93,57,64,45,67,50,83,86,51,63,16,95,69,47,83
0,64,68,73,5,32,75,38,62,68,25,13,9,27,15,58,91,50,24,79,4,28,61,17,66,57,8,4,98,3,78
54,65,6,14,21,86,86,50,8,99,43,60,84,75,90,56,60,45,95,73,48,74,48,82,23,85,91,1,69,64,71
34,51,93,67,47,43,32,64,78,89,96,94,20,58,5,95,93,23,14,59,66,59,69,38,68,3,77,29,55,36,53
79,43,44,66,4,61,39,78,20,1,35,98,28,51,95,93,68,13,37,63,2,53,79,97,6,26,88,47,81,93,20
40,20,79,9,98,14,0,77,1,28,53,28,79,54,61,24,40,89,6,83,26,35,9,54,27,27,8,14,54,49,21
17,30,75,70,5,91,35,62,7,37,12,22,97,23,13,86,60,40,43,1,40,59,100,0,95,35,79,92,51,27,6
97,10,62,76,37,35,16,72,56,27,96,68,25,61,92,1,45,77,69,14,85,54,40,77,62,78,9,92,68,2,20
0,79,25,97,18,48,57,39,75,69,29,62,26,47,9,78,62,47,67,50,5,63,97,20,87,78,23,69,72,75,36
75,53,13,62,94,80,37,50,99,76,21,63,17,89,57,81,31,57,16,16,30,76,22,68,24,4,9,42,44,23,31
71,67,95,9,32,66,24,23,22,24,6,32,66,32,61,23,44,10,33,41,27,92,64,46,4,53,36,25,67,6,7
81,75,46,89,24,47,0,50,6,45,24,75,79,73,39,25,9,92,37,16,64,63,59,10,62,47,50,33,94,58,34
25,69,16,82,39,70,42,79,16,71,35,13,49,59,49,84,69,3,0,63,34,85,63,7,82,38,100,27,14,2,74
22,32,71,55,98,15,15,73,88,0,83,88,91,55,47,60,46,54,69,23,60,12,46,100,57,88,82,97,3,84,78
98,48,57,63,15,98,42,57,60,73,24,67,60,57,14,16,24,32,60,31,2,9,13,89,25,17,6,54,2,63,2
45,69,64,87,32,62,45,82,33,22,87,40,81,51,82,82,39,65,93,58,91,23,3,65,64,59,38,85,71,38,0
89,29,85,63,96,5,6,16,30,76,13,14,16,51,24,10,87,60,35,59,61,86,24,36,78,92,2,72,6,7,89
23,91,76,28,54,17,85,94,13,50,67,2,91,99,76,0,70,23,81,39,80,37,81,27,17,98,42,23,42,98,80
90,37,60,1,76,59,5,94,31,94,20,64,14,85,14,40,78,98,41,26,1,44,58,8,81,13,61,16,87,14,86
50,76,87,18,9,5,26,33,34,54,21,93,63,77,16,48,86,8,91,76,98,85,36,15,81,55,1,65,85,5,38
100,27,80,54,98,98,18,43,85,64,60,78,58,58,52,26,35,91,13,96,16,76,65,0,32,0,70,16,49,40,21
42,12,64,21,1,46,52,97,99,5,64,27,35,85,37,77,48,69,78,49,71,47,77,21,90,60,33,76,76,60,29
18,32,9,5,71,17,1,99,62,30,32,79,90,58,24,54,68,97,6,96,13,67,54,36,41,27,86,27,47,62,57
63,30,39,99,33,26,87,14,70,14,70,26,87,36,20,64,0,57,63,52,37,31,77,47,16,77,33,38,74,17,95
69,51,73,39,92,29,62,95,6,2,79,66,89,73,69,92,47,81,8,97,24,57,73,8,78,22,12,11,57,14,19
61,14,72,90,78,67,27,7,45,59,55,89,17,44,80,50,69,88,11,96,16,48,39,83,7,86,100,92,34,5,54
15,26,77,36,2,6,44,7,19,1,11,43,35,47,88,51,80,96,95,61,10,26,8,42,45,60,8,82,5,0,60
84,26,57,65,40,24,70,89,54,75,67,4,13,18,71,28,18,45,51,17,31,90,24,29,16,9,60,62,57,19,97
40,32,43,76,91,16,50,82,11,8,45,30,18,0,76,96,89,95,44,92,0,18,76,2,49,87,62,51,53,72,7
84,2,36,54,81,63,31,35,20,57,5,19,62,81,90,49,50,98,32,15,52,13,44,29,78,68,59,12,3,54,7
0,27,41,0,33,57,62,60,44,42,64,17,51,92,58,37,96,54,42,47,85,42,62,42,33,84,58,41,46,76,45
8,8,33,18,20,25,5,1,46,31,30,88,69,92,22,74,52,58,47,14,75,87,18,76,7,61,52,84,65,38,34
18,13,26,30,21,42,18,88,81,30,17,90,98,15,95,89,30,96,84,51,72,4,53,55,3,65,11,61,43,74,2
57,55,80,40,73,43,57,100,55,72,12,85,8,53,31,44,65,5,4,12,88,41,63,39,20,100,88,5,70,83,15
49,77,38,81,49,98,28,47,77,69,5,22,23,88,9,57,38,89,43,89,64,31,24,48,13,22,8,23,53,10,59
63,41,93,72,58,34,59,79,57,52,15,47,22,0,45,23,83,30,11,9,90,81,67,22,39,8,27,59,27,28,26
19,54,5,22,0,68,25,8,73,81,20,40,52,62,37,42,84,74,59,65,65,64,98,69,57,11,56,94,5,59,9
38,39,67,60,62,42,58,42,56,96,68,8,33,32,59,50,46,76,95,90,55,19,98,74,12,48,88,95,65,63,89
76,39,40,11,85,11,36,96,60,41,44,74,76,96,31,22,90,84,71,29,3,35,25,92,81,89,46,20,87,19,100
7,47,13,3,42,36,27,48,45,50,46,30,21,62,88,40,74,24,77,59,82,9,2,86,28,5,24,1,81,16,0
74,20,36,23,18,42,56,2,65,67,37,99,50,18,26,79,62,64,46,53,88,20,31,19,32,65,61,73,2,11,65
33,96,81,54,20,27,84,49,29,99,52,72,58,19,95,23,17,60,11,19,11,72,77,63,10,26,42,38,46,14,8
56,19,4,83,49,23,57,95,62,69,98,96,57,14,46,63,55,67,100,50,34,43,32,18,17,27,33,70,94,75,5
64,79,25,26,10,75,40,25,50,38,38,75,65,47,69,62,95,75,21,27,93,95,72,93,54,20,64,33,21,3,20
78,62,11,27,30,43,63,86,15,33,79,77,54,95,32,99,62,29,11,19,47,77,63,59,45,49,41,33,51,85,12
7,51,22,18,33,81,92,7,8,38,96,12,67,78,18,84,85,47,64,100,74,73,60,43,8,80,30,37,36,8,17
75,52,60,22,28,16,77,94,60,17,62,83,50,4,59,80,70,37,52,4,13,82,73,52,44,63,26,99,17,23,90
30,48,23,76,20,77,9,13,9,86,66,39,100,99,23,43,40,54,50,38,75,84,29,19,2,21,27,49,54,65,4
30,24,55,41,62,18,87,91,17,83,55,45,95,1,87,45,90,17,30,71,22,51,40,91,13,0,90,93,92,19,96
45,30,66,57,67,96,24,2,73,46,2,20,12,55,42,2,24,86,37,81,81,28,82,98,31,30,85,76,68,49,73
9,34,41,60,4,46,1,99,39,9,42,16,40,47,44,100,2,35,9,65,50,24,35,48,78,29,90,10,63,29,34
87,92,39,92,38,38,74,8,91,73,91,10,90,11,79,46,77,13,41,56,97,4,5,7,72,6,14,94,94,0,56
93,70,73,13,85,44,58,65,27,97,86,49,44,86,60,86,72,6,38,2,10,26,91,81,73,64,60,20,24,6,12
61,80,80,53,17,63,31,44,0,43,72,75,7,88,55,56,46,54,47,52,43,65,97,52,52,73,1,100,53,22,91
68,68,19,85,40,73,84,12,34,53,45,72,8,64,29,81,47,53,80,60,60,16,0,2,14,100,29,6,27,88,92
27,25,83,100,90,17,92,2,51,87,57,41,36,47,25,59,12,48,22,90,4,74,98,63,30,69,90,22,22,20,97
13,91,95,8,43,6,5,76,3,33,94,68,47,96,52,66,23,9,71,91,44,18,31,47,62,4,0,46,77,77,86
31,67,46,42,29,44,9,46,57,87,37,75,20,59,19,79,10,0,80,46,92,35,33,9,24,40,16,66,64,90,79
74,72,27,28,82,41,23,93,38,42,41,15,81,56,44,83,99,76,44,71,23,90,6,53,63,67,80,49,29,82,80
2,70,88,94,38,27,14,84,95,44,18,96,6,75,80,54,19,44,47,85,11,0,37,71,68,30,66,50,16,2,4
94,85,20,74,23,33,23,97,75,36,64,31,90,25,68,13,79,68,59,27,60,3,96,74,53,93,23,48,66,37,90
92,30,18,85,71,35,95,31,4,7,92,30,6,96,58,86,61,90,60,20,4,61,66,25,26,3,5,33,97,7,75
