45,67,95,40,83,74,98,44,9,53,79,6,74,22,25,90,19,91,48,2,90,64,1,27,85,96,6,84,78,94,26,100,84,32,88,7,87,6,99,72,60,6,60
19,9,14,25,80,71,67,19,5,75,35,31,99,69,84,62,70,66,26,51,86,39,5,56,39,58,25,70,18,43,21,18,26,42,17,8,99,12,15,69,18,48,19
12,20,25,33,45,32,23,40,15,88,64,21,21,2,75,33,36,52,77,71,47,65,88,70,24,50,8,91,94,80,67,14,21,5,6,100,44,64,88,13,89,14,17
75,92,83,40,60,69,15,27,38,83,49,96,26,15,46,89,78,49,93,84,29,6,74,79,45,23,8,44,63,55,83,87,77,75,30,25,82,33,39,96,53,98,48
85,25,16,78,85,10,83,51,94,24,71,50,22,93,97,57,40,4,46,34,54,42,93,41,20,17,35,3,87,0,33,66,81,68,34,61,51,42,83,5,18,93,53
37,97,54,53,98,74,45,0,30,24,77,77,26,9,46,16,36,50,0,14,34,87,54,34,21,13,90,1,6,46,51,60,61,9,27,46,1,53,7,85,62,35,12
67,95,99,93,76,5,34,73,75,100,98,37,92,14,72,26,35,68,51,37,70,78,22,59,7,78,80,38,0,15,96,17,25,7,48,17,14,35,61,95,26,10,52
87,44,15,51,46,17,15,63,74,56,3,71,53,100,90,53,67,25,96,6,45,76,91,69,39,52,34,48,64,1,22,59,70,95,20,87,27,90,76,32,86,24,75
4,66,15,11,93,16,27,27,9,15,56,12,8,27,83,42,3,40,94,81,99,19,61,51,40,13,42,29,97,37,10,84,86,0,75,9,39,2,47,69,78,94,24
71,64,38,66,75,55,62,33,5,79,86,15,46,49,5,13,43,72,59,32,62,3,45,17,42,52,96,83,59,79,27,89,84,38,44,54,65,85,14,50,83,73,40
25,26,47,78,97,93,17,85,56,88,15,65,23,97,3,42,77,42,43,40,49,53,29,79,67,26,39,88,50,14,19,42,36,98,72,28,3,36,69,63,53,14,94
11,15,29,29,46,98,9,78,6,30,62,85,21,44,66,84,19,49,73,36,22,85,45,38,70,77,29,90,7,22,37,37,46,77,96,24,30,83,61,20,62,95,13
42,15,21,17,12,1,38,20,44,17,43,5,74,77,51,24,49,51,73,27,8,76,16,55,36,69,98,39,15,69,51,68,94,66,3,69,82,7,57,71,63,37,34
39,32,98,23,92,23,50,60,1,21,90,69,17,81,41,89,99,55,84,57,42,19,41,93,22,32,99,73,89,50,20,43,56,70,52,58,94,74,74,16,78,76,66
8,95,40,56,2,32,82,70,96,94,4,13,10,81,67,32,21,47,33,48,99,21,39,10,91,37,7,33,93,99,23,62,100,87,81,8,83,17,17,45,18,99,59
53,42,20,89,29,51,43,61,35,66,19,98,83,32,92,54,86,78,77,95,75,77,67,7,19,71,87,59,33,61,48,52,60,3,49,5,1,85,37,13,14,85,2
52,50,36,9,27,91,4,41,2,68,32,71,10,0,16,0,98,82,75,91,60,84,58,56,95,62,0,90,67,17,61,38,86,94,6,45,52,77,55,55,42,6,41
2,72,60,15,45,58,87,81,66,84,36,26,94,53,67,30,17,93,66,52,70,59,88,42,9,10,72,18,13,7,96,14,90,6,29,18,100,42,39,39,70,8,90
14,33,81,48,97,6,64,64,28,18,98,69,82,25,27,85,66,15,81,98,88,34,100,20,17,16,57,79,10,8,72,76,27,84,25,8,86,97,75,76,72,7,97
52,47,7,11,67,48,89,100,25,51,26,55,17,19,11,27,80,77,32,99,2,74,16,90,30,78,63,2,89,93,16,24,32,64,16,51,68,38,82,62,47,71,47
57,8,49,84,49,12,3,19,91,51,83,49,44,84,89,30,72,37,3,29,28,1,67,1,87,82,50,93,2,58,74,43,55,92,42,100,55,60,45,9,27,45,37
18,83,67,92,11,0,67,6,67,11,88,23,71,100,71,25,91,41,85,29,81,69,1,96,89,49,100,4,65,72,41,89,86,35,54,36,77,58,22,22,76,12,25
3,52,92,21,47,38,88,93,93,42,1,89,87,98,77,97,54,21,73,75,18,44,50,40,66,48,83,79,83,22,54,15,81,47,37,39,17,23,99,32,8,24,44
73,7,27,25,85,41,71,38,65,70,83,4,68,70,97,64,99,60,46,15,23,26,70,96,40,94,86,23,87,36,61,59,61,38,89,94,33,52,47,38,71,4,65
49,66,5,36,54,46,59,64,15,48,50,33,85,17,58,36,87,71,67,2,32,68,40,67,47,30,15,10,77,27,45,96,10,30,25,36,24,98,93,27,4,28,94
67,41,69,40,55,98,1,19,83,90,97,62,55,87,94,32,37,79,77,16,7,17,76,31,52,77,26,12,15,79,40,79,70,91,60,13,16,75,66,55,88,50,20
1,95,77,24,93,74,8,4,80,73,62,99,54,38,92,59,86,65,75,17,46,51,13,95,20,79,71,24,44,11,38,66,14,57,30,53,100,20,42,50,16,41,24
45,71,66,16,10,53,64,95,93,27,82,87,71,80,74,33,60,86,36,31,41,5,28,82,96,25,30,79,11,90,67,66,53,34,27,3,71,97,1,50,35,68,82
7,55,80,86,27,12,32,5,5,76,14,86,3,27,6,0,98,32,73,30,41,95,23,41,87,24,8,8,96,38,43,81,32,75,34,99,7,94,20,84,63,1,36
83,50,7,35,83,14,94,53,81,93,68,76,37,36,32,35,91,16,75,56,14,99,59,78,51,51,16,2,97,67,26,89,2,59,96,56,71,49,10,77,26,13,42
68,21,80,54,32,99,82,83,56,9,23,58,17,34,71,71,21,1,36,32,87,17,72,67,99,61,2,41,25,30,26,14,43,96,67,48,8,97,87,23,46,21,42
35,8,5,65,13,83,97,35,81,92,99,89,73,77,92,66,44,87,55,86,73,25,78,70,65,100,0,17,99,91,32,26,88,87,99,35,86,77,56,60,70,88,25
62,67,33,54,23,47,67,60,25,51,8,87,69,98,43,59,6,80,87,96,5,43,53,44,59,95,54,58,67,72,95,9,71,70,37,45,36,35,46,88,75,39,73
84,8,68,17,19,55,71,18,39,2,80,78,84,22,1,83,60,89,58,29,33,72,30,40,62,95,38,12,56,29,83,81,24,87,56,29,84,11,43,38,69,34,86
0,24,8,82,59,9,94,82,47,38,97,60,66,33,70,32,34,0,9,82,94,82,20,94,0,52,61,74,47,16,24,69,63,95,10,73,28,19,2,36,85,69,8
0,72,70,93,67,70,32,22,74,64,65,14,52,32,32,50,43,3,18,6,22,37,0,92,95,8,90,9,6,20,4,100,37,80,53,56,78,4,83,59,50,94,43
82,90,71,62,28,17,23,75,67,69,92,36,4,72,6,42,42,72,50,43,16,57,59,96,94,52,9,98,53,83,49,11,36,53,33,26,37,17,97,28,26,15,17
26,15,48,16,89,84,87,16,68,33,51,66,28,85,17,7,4,15,53,48,20,91,48,86,49,13,75,13,53,5,76,93,44,42,92,50,51,28,95,82,48,75,63
99,95,17,100,24,84,50,46,91,17,78,62,68,98,59,7,2,81,25,29,96,97,82,80,84,1,12,10,42,22,65,8,43,90,21,32,12,37,2,95,95,97,29
21,5,22,41,77,26,87,73,4,35,99,84,32,8,45,11,17,79,32,1,25,46,76,29,29,31,3,22,19,93,89,95,11,46,61,93,61,33,21,27,66,89,30
71,40,85,49,70,24,27,40,3,9,23,23,19,95,14,82,52,31,91,25,55,63,62,21,21,77,91,20,13,73,85,58,45,33,95,1,66,98,24,86,40,47,4
42,92,34,89,94,45,18,25,4,24,21,2,39,25,12,22,74,82,9,9,54,14,89,31,84,3,1,90,70,4,23,3,23,57,13,20,69,22,67,38,43,55,34
57,26,57,50,18,85,81,14,60,14,20,51,75,34,46,98,31,97,86,64,56,25,64,52,37,25,51,16,2,39,15,20,69,43,9,65,80,41,9,95,9,81,88
37,51,0,30,32,58,78,57,44,12,94,91,66,41,69,14,13,27,13,24,0,9,17,57,7,9,27,60,34,77,63,52,45,83,62,0,93,87,31,1,95,44,18
57,34,12,41,50,22,1,42,78,21,87,11,13,49,90,80,39,58,36,19,50,30,51,22,93,100,40,79,76,32,18,9,74,100,25,22,98,92,80,27,69,26,33
80,91,54,98,1,48,85,5,95,91,39,97,18,17,86,31,66,91,76,6,65,64,95,38,64,40,48,35,100,16,25,20,68,55,14,42,4,75,32,58,77,100,65
89,9,23,49,20,48,21,90,24,66,37,98,90,57,6,54,96,52,94,27,2,92,37,80,83,34,30,1,16,13,76,37,82,75,61,47,3,53,14,4,72,29,56
11,68,4,60,25,43,94,39,77,76,88,100,57,89,86,35,67,96,11,97,15,95,90,74,65,26,88,53,12,75,35,6,49,32,28,12,80,84,27,16,60,10,45
13,27,26,62,3,82,79,5,38,78,33,68,54,19,40,85,9,10,34,16,72,24,31,58,85,34,24,74,81,42,33,95,5,36,45,77,49,53,37,7,40,61,23
20,33,10,98,24,73,11,25,9,29,14,30,40,92,42,76,46,25,81,14,76,83,32,93,6,28,45,55,40,37,8,15,93,74,36,86,97,11,25,75,87,80,30
39,45,37,95,96,79,45,16,93,78,32,11,43,83,79,77,81,66,83,75,100,91,71,76,57,92,42,93,95,64,90,5,53,65,23,2,86,71,54,55,48,39,13
74,75,80,45,99,69,50,1,85,39,22,10,22,15,52,50,89,33,42,90,68,55,33,50,95,0,3,70,49,85,72,40,16,58,63,34,43,70,7,42,82,100,90
70,69,77,33,27,7,1,35,93,96,12,61,58,22,18,41,12,42,81,16,99,1,13,43,95,6,63,28,70,91,98,7,60,9,26,49,21,65,8,56,85,46,64
