17,80,24,29,4,5,86,6,25,65,48,84,81,13,50,63,75,85,90,40,87,40,57,1,69,30,68,68,78,11,17,61,60,99,27,48,44,35,89,61,4,68,44,29,6,35,43,78,77,20,20,59,12,37,37,65,88,90,66,81,78,50,66,40,72,11,5,82,77,100,52,68,7,63,3,59,77
65,23,42,31,69,6,52,37,49,36,17,3,87,18,8,99,19,51,69,19,78,36,57,29,24,16,43,74,69,48,78,46,54,82,99,66,80,38,22,22,51,6,56,9,69,31,50,17,86,64,70,2,39,84,28,52,3,4,93,84,85,33,64,13,65,71,83,10,79,77,90,30,17,70,81,87,7
100,41,55,68,9,17,4,3,92,72,79,96,29,93,89,91,32,68,23,1,31,5,7,9,93,99,84,5,16,51,67,48,36,94,71,71,22,27,46,39,15,80,0,46,15,40,50,44,64,16,50,0,11,18,90,22,89,18,87,92,59,7,25,85,8,73,34,50,96,64,74,96,28,81,19,39,2
94,39,87,81,5,48,7,67,60,74,29,50,69,79,13,72,19,16,19,65,43,98,26,94,47,77,96,69,2,47,22,54,46,22,15,43,100,22,53,61,39,74,98,29,45,73,43,25,57,95,96,55,41,96,26,70,48,87,31,15,73,82,58,35,58,70,86,98,11,78,1,85,36,76,69,2,57
65,42,32,78,31,31,27,17,90,74,48,8,30,48,30,78,11,27,82,57,54,90,92,13,57,8,32,33,33,67,72,70,52,45,59,42,40,50,34,37,67,11,5,91,56,13,30,16,34,80,65,75,19,36,13,36,7,58,66,93,22,18,84,69,44,29,32,85,25,99,29,37,18,28,1,98,3
61,37,92,24,70,84,25,27,89,58,29,53,21,48,55,30,81,93,26,40,89,15,51,26,43,72,5,56,51,88,95,42,23,78,37,34,71,31,30,28,18,95,43,26,99,42,76,47,15,14,36,36,83,71,67,18,56,15,93,58,5,87,16,86,39,93,17,6,48,98,19,26,67,80,45,92,53
58,100,40,5,36,65,28,8,30,52,94,21,42,96,95,95,52,95,9,57,55,2,9,60,45,93,35,73,75,87,38,77,61,92,42,64,20,41,12,23,96,90,35,46,96,37,100,83,55,22,48,19,58,73,7,23,84,39,86,6,41,1,35,78,48,88,61,33,44,27,7,3,92,30,74,88,32
91,70,69,64,58,6,84,45,86,38,22,82,99,55,69,81,84,4,37,87,65,74,78,36,48,92,96,97,66,87,86,71,93,72,71,4,14,14,42,86,36,37,61,88,21,74,67,74,42,44,50,10,33,76,97,60,65,68,96,5,35,46,4,39,10,78,95,72,50,55,37,67,8,67,2,81,2
4,71,92,50,71,86,73,2,62,9,19,15,4,56,31,15,73,63,26,47,13,14,92,83,35,50,86,59,30,39,15,45,12,5,67,53,52,14,51,81,94,46,27,6,76,48,7,60,91,62,53,34,12,74,19,74,88,0,7,7,12,34,100,39,95,38,82,17,96,50,19,84,52,1,14,86,51
48,64,50,58,23,6,22,63,17,37,25,62,93,32,36,17,13,57,99,10,3,88,14,100,11,1,100,5,14,27,2,41,78,98,8,40,17,7,90,23,40,71,62,11,30,9,93,90,38,83,18,73,59,39,6,23,77,32,82,71,47,90,23,12,65,89,33,83,56,6,27,96,81,10,23,71,58
10,30,15,28,43,52,57,8,57,65,4,54,82,61,72,7,53,90,50,91,25,51,71,6,93,84,93,17,62,93,58,58,74,65,94,25,70,5,93,57,88,97,63,0,93,63,92,57,31,92,80,40,80,34,46,90,66,20,38,10,42,18,39,16,97,87,53,54,18,91,39,22,65,60,79,40,81
24,29,17,100,70,78,80,54,23,96,62,1,38,35,3,12,74,88,97,1,50,70,92,80,35,65,96,17,23,5,37,98,66,90,5,31,61,33,78,59,39,62,38,21,43,54,95,24,58,59,85,91,10,34,16,74,53,53,9,51,88,31,64,53,16,58,11,0,57,52,75,22,6,49,64,84,92
22,62,97,7,15,56,87,36,53,88,26,8,54,80,47,96,97,83,98,43,40,29,41,32,56,95,91,24,81,57,35,77,86,54,77,15,81,41,95,30,11,80,11,70,70,62,92,23,29,74,2,70,74,71,0,32,89,39,56,0,58,52,10,65,12,9,99,33,55,39,92,31,60,35,49,50,78
53,10,88,33,64,100,74,16,60,77,86,34,21,7,29,44,40,76,90,91,8,41,63,82,50,42,31,25,22,65,24,32,27,83,80,20,94,67,67,41,53,11,49,28,16,26,84,54,100,82,35,81,87,19,97,12,64,73,31,16,57,84,33,83,20,75,66,9,35,92,66,23,66,41,79,66,28
87,49,54,32,73,24,29,46,49,17,78,77,40,5,17,45,32,62,66,40,6,99,91,11,90,0,29,39,83,72,67,20,98,100,92,44,9,28,85,28,23,39,34,57,46,38,78,91,74,65,66,61,2,32,19,27,87,57,93,60,18,90,39,22,51,2,89,69,44,11,83,57,43,95,22,76,81
94,56,81,88,21,67,99,60,15,54,63,71,67,18,60,76,48,7,46,15,60,98,61,15,66,24,6,41,58,44,20,18,93,78,59,59,21,99,31,19,23,26,90,60,40,15,79,10,3,43,55,70,40,67,35,62,50,72,83,20,92,11,99,47,62,77,60,34,39,14,46,78,51,73,67,78,92
27,16,65,6,90,70,48,60,21,29,2,63,63,89,72,82,47,52,73,72,100,4,5,99,11,81,81,30,1,12,32,85,84,3,69,68,43,31,58,97,61,12,65,89,46,96,9,58,14,50,86,33,93,9,40,36,6,85,47,95,39,11,100,3,38,5,41,70,48,93,73,76,46,39,84,99,6
22,54,84,18,37,50,16,20,96,87,26,11,100,16,57,70,3,33,63,42,25,49,72,83,16,42,40,56,7,66,59,49,16,52,36,93,6,62,7,21,36,67,83,6,56,12,54,60,15,87,85,56,84,2,56,99,95,9,2,81,90,1,3,90,96,79,69,35,69,86,58,33,98,15,92,38,5
57,31,99,29,96,83,90,69,99,14,28,14,81,39,36,39,6,43,83,92,19,1,32,78,95,91,25,82,66,85,31,98,54,43,41,8,89,87,90,54,47,58,99,84,55,48,57,18,47,55,53,59,81,69,43,78,75,53,50,8,39,19,51,18,55,49,85,89,18,28,4,14,68,24,9,33,36
79,42,20,90,5,97,58,26,89,27,67,66,69,64,56,64,77,44,13,28,97,8,18,84,76,29,73,82,34,31,69,31,23,65,33,58,28,70,31,53,83,7,27,18,23,76,2,31,59,32,16,50,49,40,79,23,77,43,63,93,48,62,82,69,33,77,85,77,80,83,55,61,29,71,85,86,89
98,66,5,1,69,59,66,60,81,43,55,3,44,29,75,25,0,58,66,69,46,60,40,32,27,24,48,4,70,35,25,47,9,34,81,30,55,99,33,58,57,64,29,74,18,92,30,20,16,88,44,12,45,51,74,86,50,78,18,31,94,43,64,95,78,15,74,82,56,24,31,91,79,11,30,34,6
35,8,40,44,92,98,64,49,79,37,16,2,71,21,48,70,58,5,61,13,5,43,93,42,65,11,80,58,9,44,40,90,91,68,94,72,51,50,54,63,91,93,73,56,68,56,52,49,19,96,89,29,23,85,32,83,93,79,10,44,32,89,94,23,91,53,63,96,65,49,57,97,76,58,98,63,22
40,36,74,28,68,83,71,68,58,33,61,77,56,28,81,69,35,69,61,9,76,92,39,1,42,69,23,23,4,69,15,92,2,38,88,40,27,84,27,34,37,33,99,23,28,94,62,94,86,4,89,33,40,26,89,9,67,45,16,40,34,94,44,25,91,63,71,63,68,43,92,94,23,11,70,75,82
64,51,20,15,43,66,98,29,55,100,94,80,31,77,81,92,40,63,60,75,88,4,7,67,67,89,97,18,56,16,10,94,4,56,23,33,76,8,44,82,51,96,40,87,85,80,81,52,4,6,77,98,53,37,76,26,66,31,64,42,52,17,14,20,93,61,82,13,10,20,40,57,74,84,18,65,40
37,95,97,58,86,38,13,74,39,63,90,74,98,78,56,96,85,72,7,44,88,20,69,96,79,76,72,72,38,31,0,53,39,69,13,69,68,72,0,61,78,96,68,100,16,37,55,29,52,43,34,25,8,21,1,80,71,22,51,60,65,81,2,3,2,40,59,27,0,92,76,60,48,91,17,30,69
91,45,23,17,36,55,97,58,83,18,26,10,40,16,48,16,92,97,11,15,50,2,66,99,93,63,16,17,87,33,49,76,43,45,61,60,49,73,93,61,85,61,20,88,56,31,3,2,74,38,0,1,100,81,80,97,3,62,24,9,29,36,85,51,84,9,30,22,85,91,35,71,53,46,75,28,31
40,53,88,43,3,76,27,59,18,27,38,22,82,76,27,23,100,57,58,62,21,64,11,87,74,59,0,41,79,14,40,19,8,26,94,94,33,66,70,84,41,92,40,81,53,84,45,24,30,96,98,20,64,58,32,25,57,3,8,6,97,72,93,40,42,30,58,52,37,99,91,17,86,59,75,64,7
19,56,96,90,29,62,60,76,9,35,31,52,44,29,25,87,7,87,67,12,51,58,5,65,1,88,51,97,56,1,9,55,52,74,4,79,7,31,49,37,7,80,20,68,42,33,100,26,61,9,85,67,100,17,77,71,88,23,96,72,3,91,100,85,50,94,31,75,3,94,4,91,75,71,7,56,10
38,60,97,91,4,45,54,23,61,94,69,61,13,68,8,78,87,70,51,13,78,25,58,76,53,41,6,63,42,24,68,27,45,69,94,75,73,18,28,89,48,36,10,59,38,85,45,19,13,95,50,51,29,10,76,1,33,4,16,17,91,44,7,45,64,41,34,22,89,9,9,36,46,62,1,84,77
65,37,21,40,66,11,70,67,87,38,0,58,40,40,72,93,29,87,41,75,22,24,65,24,71,60,18,54,11,20,91,81,24,14,0,29,6,90,99,48,90,24,68,59,41,89,2,95,51,20,80,75,12,14,44,39,16,21,77,43,70,90,98,2,39,65,18,68,93,90,48,99,13,86,10,63,6
26,7,75,54,35,51,16,90,22,48,21,68,89,91,43,31,25,47,79,30,62,83,47,12,19,78,47,85,11,94,96,11,11,64,3,48,90,40,44,2,48,56,84,83,2,0,1,23,52,36,67,84,90,79,60,70,98,92,3,31,90,98,97,11,44,68,87,55,5,31,92,92,52,14,93,79,37
30,81,16,64,53,51,58,7,39,69,36,95,38,56,89,38,21,25,13,44,85,27,96,93,3,35,87,24,62,84,77,83,98,34,57,95,32,52,98,75,66,14,75,46,47,80,16,74,26,5,51,67,86,41,93,13,23,41,81,23,5,82,81,71,20,100,87,27,32,51,16,45,92,67,52,79,39
36,13,28,32,13,28,97,98,19,58,83,7,70,46,8,21,48,4,61,94,42,80,59,92,54,40,60,51,98,30,67,68,99,0,4,28,5,55,41,69,21,100,70,50,94,88,80,59,4,35,86,75,38,15,38,97,56,41,59,6,44,49,39,27,70,95,34,81,97,13,45,24,8,0,22,86,19
22,66,49,11,70,53,34,47,46,7,56,46,10,75,14,5,88,56,30,90,70,81,11,49,85,13,1,20,89,59,92,5,69,47,63,93,49,44,63,89,85,31,43,65,74,84,25,23,65,12,17,36,79,90,17,39,9,43,65,2,88,0,72,14,2,15,70,25,0,39,36,33,51,4,87,27,49
49,97,73,17,93,70,17,75,19,4,91,36,92,79,42,93,74,80,60,93,29,81,32,91,42,17,5,43,74,82,12,92,0,23,45,58,87,28,79,4,61,51,5,42,88,92,15,20,61,97,28,24,23,100,64,57,8,53,23,1,44,79,61,85,66,70,65,67,85,2,4,68,37,64,49,3,54
16,47,78,18,66,78,0,43,50,33,21,33,47,83,67,98,29,85,22,49,12,31,40,4,5,51,1,5,49,10,51,95,90,76,36,78,58,88,44,52,56,68,40,37,52,57,18,26,8,16,51,73,10,46,73,94,33,89,44,89,3,38,73,2,4,66,21,94,18,100,16,40,19,48,22,77,26
42,61,49,58,5,95,81,4,5,86,92,9,38,14,41,95,86,94,46,31,84,78,99,96,29,13,9,85,75,78,14,80,27,19,37,76,64,20,16,37,86,78,1,11,41,20,35,16,41,55,90,38,47,84,51,37,51,18,80,18,71,13,50,34,11,40,19,89,5,51,16,100,67,84,39,66,65
53,95,12,76,73,3,27,23,54,85,49,100,65,11,39,59,1,26,0,25,39,81,83,50,45,89,88,60,93,11,51,74,13,63,99,83,26,99,99,84,97,40,98,28,24,12,53,98,14,100,48,70,9,70,76,38,19,54,35,49,98,24,69,77,67,76,6,63,50,63,24,13,75,2,99,38,66
21,67,10,0,71,23,67,16,40,24,19,0,56,15,10,91,38,78,93,82,95,83,71,75,15,34,34,51,95,33,12,10,45,53,46,26,80,45,19,21,84,91,40,89,53,58,83,76,41,88,80,17,51,79,3,65,55,61,20,62,2,24,24,73,16,47,45,79,18,71,91,69,31,79,25,75,17
41,86,1,12,71,68,63,60,47,12,95,29,12,1,30,6,3,86,69,20,59,93,39,37,39,89,3,27,36,25,13,56,79,5,73,28,8,32,100,13,85,6,52,98,37,8,63,20,43,4,17,83,52,63,63,32,52,39,38,85,67,72,100,99,23,59,48,19,3,30,11,26,0,34,18,68,18
5,84,5,23,11,100,40,97,26,79,23,18,70,17,31,97,97,19,6,45,43,46,83,80,37,16,36,55,34,19,16,54,77,85,91,58,34,17,89,51,41,90,90,47,61,92,90,97,75,43,82,31,45,33,77,96,26,42,12,48,92,75,26,82,0,23,61,50,43,59,20,84,80,1,97,39,78
15,97,83,60,45,93,43,91,6,86,2,40,17,22,57,13,53,54,88,57,88,72,100,7,29,82,57,75,4,37,70,61,36,71,2,21,35,72,23,84,47,8,50,96,65,87,86,84,0,31,14,85,74,97,85,32,10,36,15,16,99,13,83,46,7,96,9,92,93,67,7,66,76,96,55,34,48
80,10,43,64,46,81,45,95,71,98,20,15,20,29,11,97,19,89,11,43,67,51,15,84,58,63,44,48,94,18,13,45,11,58,32,22,81,86,14,30,42,43,6,53,54,17,13,65,34,64,100,52,88,62,2,43,88,58,39,17,56,96,59,15,85,86,46,23,99,82,83,15,2,27,93,91,11
