11,48,79,43,98,47,90,6,3,42,3,29,90,15,12,75,7,63,79,61,7,98,68,97,83,43,33,84,16,11,52,59,13,94,6,32,16,64,86,72,41,44,34,10,44,58,64,50,35,2,41,18,90,69,35,35,90,94,79,38,36,12,7,5,48,81,40
94,74,46,48,51,1,97,92,23,42,12,80,75,91,12,17,10,57,67,97,79,81,64,61,5,5,79,60,46,6,85,84,6,96,40,42,50,64,66,84,2,54,21,71,54,89,69,66,66,63,78,48,74,48,82,78,32,55,53,94,19,54,55,66,73,23,98
84,25,2,9,95,24,91,14,62,97,38,42,56,23,52,4,99,34,63,85,39,19,40,82,82,4,49,28,7,18,65,71,19,58,41,45,26,1,74,46,47,50,90,41,5,6,92,74,19,92,69,11,33,87,96,74,60,80,75,98,81,48,29,38,86,78,99
93,81,56,37,41,89,59,44,28,36,68,8,60,50,40,59,74,58,27,25,34,55,6,89,31,12,19,93,0,57,91,15,16,54,71,72,3,30,53,38,62,74,63,16,5,93,33,33,42,28,68,74,61,88,16,86,17,32,10,45,60,47,90,54,58,86,20
34,0,9,46,71,23,77,35,81,69,62,2,94,87,66,46,94,34,33,0,60,6,63,27,65,92,73,47,9,98,15,49,45,71,74,1,99,54,94,4,66,76,81,80,50,32,17,39,90,69,64,18,42,40,49,8,31,51,83,73,58,38,43,1,41,28,92
15,77,54,0,85,63,31,4,25,8,63,56,54,28,23,12,26,27,73,81,52,5,1,33,22,44,57,64,58,9,42,19,27,60,16,74,52,34,35,49,100,90,78,39,43,68,54,56,33,25,72,25,40,64,45,57,15,12,12,24,20,11,41,19,98,85,11
8,37,74,1,3,19,100,54,27,79,53,3,89,39,70,95,20,42,5,44,3,14,58,55,78,9,99,86,8,73,45,67,79,31,39,81,86,24,11,95,58,1,99,4,100,67,81,10,74,74,82,4,91,70,68,80,36,71,54,44,7,79,8,25,57,88,80
45,10,71,66,55,73,96,43,76,82,79,67,99,16,52,0,95,60,69,69,52,16,97,22,40,36,88,17,9,74,1,49,73,88,30,94,19,73,28,61,29,28,79,34,93,16,68,70,87,20,83,13,57,68,33,86,30,70,13,39,37,57,14,76,97,35,16
87,31,56,38,61,52,17,81,70,21,2,97,94,49,22,34,13,53,68,52,38,6,22,37,29,85,52,72,3,78,33,83,68,47,70,38,46,54,73,68,89,77,44,85,99,22,93,85,16,93,78,63,58,2,48,51,46,34,87,18,26,72,88,36,15,68,46
79,49,73,5,61,33,95,26,35,22,35,66,15,53,58,88,30,25,53,78,64,50,24,91,31,45,34,77,14,17,23,71,76,15,87,81,79,48,82,62,91,51,67,22,98,80,19,95,100,0,75,62,25,42,74,80,5,40,15,33,48,98,82,80,94,44,100
76,93,87,27,18,89,85,49,63,72,46,50,55,55,87,19,15,2,68,26,17,3,76,93,97,50,86,20,90,18,67,15,7,93,91,31,80,49,60,47,44,75,97,1,44,35,87,92,72,20,51,8,67,39,27,72,30,4,35,86,51,78,89,46,9,82,84
50,98,92,95,12,67,61,50,75,72,3,94,64,53,21,14,13,23,11,21,46,44,44,84,57,31,5,14,6,12,32,61,37,26,88,75,88,77,21,34,56,89,10,45,49,86,72,53,96,40,58,46,16,99,10,91,52,62,2,61,37,81,55,52,12,81,3
91,5,88,69,56,38,21,40,3,57,89,35,13,37,9,86,70,42,42,4,28,99,68,7,49,95,33,35,78,17,94,12,67,37,36,79,64,40,6,42,39,34,14,70,71,21,22,35,59,10,3,16,100,83,77,26,74,16,31,73,65,60,48,89,43,96,32
71,73,82,50,100,87,85,4,59,59,65,48,91,2,3,49,42,0,80,28,60,39,27,44,4,0,32,67,66,63,71,90,97,59,36,3,70,88,58,92,96,55,91,40,83,78,90,52,87,70,92,82,2,71,18,29,33,28,84,3,65,8,47,52,13,8,35
73,61,53,49,27,13,33,40,45,83,54,7,79,0,3,9,15,75,80,43,99,57,10,80,100,34,9,81,100,32,13,90,42,3,53,94,76,98,15,43,5,47,70,80,74,73,44,32,19,48,96,29,84,94,46,77,7,4,80,12,87,3,81,54,41,40,42
43,48,88,19,96,88,67,44,14,56,42,35,54,56,55,94,77,89,91,85,34,100,43,79,82,20,76,59,39,53,71,17,88,52,66,28,86,66,48,51,27,60,41,13,69,51,81,20,20,47,96,93,23,74,55,18,94,70,97,61,32,28,24,9,42,48,22
61,59,11,73,78,30,54,6,35,14,55,3,7,72,3,65,18,56,95,70,72,22,87,43,9,11,45,50,72,43,35,54,36,59,72,42,2,5,11,24,58,84,43,75,94,90,34,38,31,58,81,24,94,35,50,67,64,59,95,37,24,57,98,34,40,70,52
6,59,24,61,77,72,15,40,51,49,22,11,43,41,28,29,40,82,52,96,58,55,9,94,57,21,25,35,73,83,6,30,3,77,5,2,67,89,76,38,24,67,50,7,27,63,49,86,96,13,49,49,8,83,78,36,96,58,68,53,35,44,80,100,6,14,5
77,58,41,45,66,4,35,40,44,18,47,35,7,70,100,3,40,71,62,45,4,62,57,60,23,28,20,19,27,69,11,42,52,4,100,49,71,52,64,57,66,34,28,85,21,88,36,58,32,47,25,12,97,36,51,25,59,42,46,40,12,25,84,3,19,78,71
22,1,86,29,41,66,31,72,19,26,21,49,86,25,55,95,13,67,4,34,52,88,62,22,9,35,29,53,55,37,23,21,81,23,0,11,58,28,67,46,0,97,84,85,53,51,94,56,34,16,72,93,59,22,23,91,96,59,9,42,32,8,90,51,73,31,66
64,36,21,44,38,75,64,38,10,96,9,47,34,50,36,87,79,85,23,23,67,53,11,43,96,39,14,35,77,82,53,18,15,22,25,69,66,0,19,52,6,22,9,28,87,17,25,42,46,50,38,43,15,86,30,69,56,55,59,42,93,69,84,41,15,58,23
35,38,69,23,0,40,21,86,33,69,9,32,23,66,60,55,97,71,2,64,9,86,66,42,83,55,12,83,18,8,56,35,71,40,6,4,52,86,4,67,46,23,5,16,7,46,100,24,14,0,73,70,11,70,18,1,57,74,7,30,93,58,66,83,68,34,13
87,36,70,10,91,16,37,63,78,42,70,53,95,60,59,93,59,86,96,43,24,4,49,3,25,26,36,65,71,46,64,24,7,72,32,67,61,68,65,30,15,50,37,87,83,31,76,78,40,45,94,37,25,18,18,95,65,2,99,96,97,10,8,15,8,71,55
81,41,13,48,91,19,44,41,76,77,58,98,42,3,31,70,81,96,69,83,63,27,78,20,72,85,66,45,42,13,35,79,60,91,36,41,87,25,28,73,52,41,60,40,11,74,65,23,89,42,20,74,88,51,94,18,45,98,27,29,3,0,56,65,95,46,57
