71,91,54,98,85,70,35,9,77,87,63,95,62,71,57,83,5,3,33,16,90,97
78,66,37,27,85,76,13,59,34,6,79,100,94,12,60,69,89,95,68,98,58,16
24,2,30,23,99,49,76,43,29,41,83,33,43,63,51,13,3,5,84,68,34,27
88,65,26,90,95,38,22,28,76,4,85,83,45,10,39,5,64,30,32,36,38,24
41,95,1,35,29,25,92,81,72,77,83,69,73,98,64,92,18,14,33,21,72,48
80,14,7,3,94,38,19,88,66,90,54,57,86,80,77,84,17,71,47,29,53,56
2,85,82,72,88,68,42,61,13,0,71,92,92,9,95,8,96,86,41,2,63,72
89,65,84,40,21,82,42,39,22,52,94,99,80,93,13,42,36,42,42,99,88,97
58,40,38,3,56,20,88,66,59,9,39,4,89,93,43,14,89,33,72,98,83,87
43,83,85,52,67,13,41,20,87,8,27,37,62,5,46,96,73,75,3,89,66,43
55,78,38,23,24,24,68,2,97,82,51,54,70,6,43,47,63,15,62,95,3,18
13,71,98,13,63,75,7,82,25,92,39,88,35,32,5,78,19,23,79,7,4,40
83,48,49,95,17,15,68,66,56,6,86,83,15,28,81,92,78,41,88,92,37,49
83,79,69,75,76,41,50,43,82,55,79,74,51,45,1,59,10,75,15,26,0,8
26,44,24,21,15,59,63,2,39,100,3,46,10,76,85,11,21,97,18,1,96,70
33,35,10,33,62,8,31,23,4,18,40,34,83,18,62,83,88,23,24,34,90,75
53,14,46,11,27,60,7,13,12,9,49,99,76,4,98,23,23,87,64,26,82,79
32,57,100,87,93,12,56,6,51,0,28,90,83,93,8,17,88,54,54,32,10,91
54,46,36,94,33,11,79,24,44,34,35,16,40,49,20,42,79,13,84,71,40,79
44,22,7,37,68,60,10,69,82,66,17,97,48,83,46,61,68,1,62,77,15,43
49,91,44,27,50,41,58,79,82,76,51,53,19,5,84,75,29,98,78,48,52,83
69,97,58,28,56,65,85,80,50,66,50,38,27,76,30,92,6,32,18,32,44,75
96,90,99,76,94,7,12,87,29,2,51,95,70,27,63,4,89,9,96,46,13,63
30,98,10,73,98,71,50,53,11,81,78,94,41,6,13,97,80,33,58,0,45,72
11,66,55,37,59,13,67,25,55,55,50,1,58,99,76,48,78,78,56,11,75,5
4,48,89,81,30,82,90,0,10,3,83,1,85,88,24,96,46,11,91,95,83,43
70,39,24,84,61,1,15,12,2,8,8,39,82,52,91,6,49,0,35,1,58,27
38,96,81,38,92,57,96,72,17,21,50,6,81,28,5,29,53,58,48,43,100,41
54,76,50,62,4,56,47,41,26,100,91,58,13,70,92,85,42,90,85,77,67,35
19,60,57,33,97,100,79,91,41,55,53,22,56,1,7,12,13,94,44,68,1,88
13,42,77,98,59,93,94,32,60,7,84,33,32,5,65,53,95,99,0,84,60,100
81,44,6,84,92,28,3,32,14,83,53,41,69,42,80,48,90,48,8,61,85,86
92,72,94,60,39,73,56,72,12,24,86,86,59,65,97,99,37,49,57,72,25,46
52,68,52,6,70,39,89,50,22,86,18,51,86,39,54,25,86,49,89,23,89,39
93,86,48,41,13,89,92,20,13,3,96,81,59,59,32,97,4,54,12,40,93,88
42,67,0,82,69,56,33,56,42,3,68,81,41,18,31,67,93,7,63,6,48,46
67,62,70,39,42,72,58,35,55,58,84,67,55,13,15,84,92,94,64,30,20,70
23,23,90,32,16,43,47,78,47,73,31,63,78,96,15,20,43,57,43,28,54,20
8,82,20,55,90,59,92,89,20,55,62,67,26,19,40,90,64,96,90,44,33,35
46,15,37,20,57,8,28,72,21,87,82,88,2,63,42,68,61,90,21,50,58,80
61,56,64,92,57,74,78,9,38,45,71,82,4,7,32,17,42,74,62,58,40,10
57,94,53,98,6,23,33,3,59,89,53,56,95,35,95,34,24,4,7,28,45,26
24,32,48,25,49,44,83,82,63,25,95,50,51,10,28,51,82,55,12,55,21,49
61,30,28,70,59,96,48,22,46,4,86,43,78,46,36,53,28,91,1,1,49,19
17,79,50,65,51,95,40,70,20,61,10,51,67,42,63,44,86,67,62,77,59,59
78,33,28,72,28,4,55,4,26,12,89,26,17,81,91,79,40,31,9,2,36,66
25,83,23,13,47,35,67,26,48,13,95,15,97,22,41,10,94,45,79,45,7,15
43,48,83,62,55,70,26,0,45,39,69,16,19,59,88,33,29,39,65,70,17,76
29,54,5,32,97,34,27,23,18,27,22,35,21,7,49,51,10,61,30,43,6,99
69,53,95,2,51,8,39,82,100,24,87,27,60,92,17,42,46,49,99,49,46,20
80,47,0,19,100,14,24,57,47,66,18,15,11,40,95,6,86,25,82,98,9,8
27,26,34,10,19,38,44,27,79,96,28,36,77,35,63,25,70,96,23,47,72,87
100,31,39,77,10,46,10,0,56,98,59,57,1,65,78,80,95,64,5,32,50,69
57,25,41,6,59,39,43,13,35,34,56,79,61,48,12,96,61,49,70,29,48,18
59,100,13,37,5,52,47,84,16,45,41,35,0,36,31,96,76,36,14,74,43,64
23,38,54,93,28,25,78,55,71,27,10,18,50,51,81,35,56,40,64,15,39,97
59,55,96,30,39,2,70,76,36,65,23,76,41,74,82,72,14,50,30,86,47,1
56,24,85,82,46,71,4,75,1,61,57,63,11,87,12,72,5,32,65,37,32,1
97,48,0,1,33,13,14,99,24,43,42,12,95,21,66,81,83,96,71,30,40,88
23,91,16,80,77,74,11,56,80,93,17,80,42,42,38,48,88,32,57,91,45,18
70,28,71,27,68,6,23,72,46,94,72,3,92,64,2,38,32,100,58,31,72,83
99,47,11,36,82,63,94,90,41,49,54,65,90,90,65,88,94,78,60,12,51,70
17,81,78,93,45,32,46,33,82,97,42,9,75,26,79,94,85,5,62,22,50,53
21,4,45,78,11,37,16,92,44,44,0,28,87,33,37,81,71,71,28,26,96,38
36,39,86,36,14,91,31,88,63,36,22,18,84,32,89,14,79,10,12,79,11,79
83,17,85,59,63,85,56,79,61,46,19,58,5,45,30,82,11,10,38,54,15,50
23,96,5,2,62,12,31,67,53,31,80,37,90,69,17,81,82,70,81,22,19,66
