92,77,61,42,15,56,51,81,86,28,3,45,76,8,67,36,99,99,73,37,18,5,43,25,82,93,48,58,48,4,42,72,21,10
3,91,7,56,20,62,40,41,67,87,11,49,68,68,79,9,89,64,18,89,1,61,60,54,62,34,30,53,79,57,90,19,65,2
27,78,23,88,85,90,88,83,12,94,56,75,14,67,10,25,35,82,85,37,11,17,15,69,3,19,21,83,86,80,70,79,87,91
46,10,88,14,10,96,1,83,49,90,66,28,6,25,38,66,99,83,98,80,85,59,2,99,50,29,12,53,45,65,50,79,60,24
39,79,66,25,99,22,78,2,40,63,19,42,60,19,93,38,22,32,76,70,93,50,91,3,60,55,25,90,13,27,79,0,23,14
92,73,49,28,23,5,73,51,70,68,60,38,15,54,64,70,43,23,60,32,20,74,11,56,82,20,78,4,28,73,93,17,80,44
18,10,87,89,100,19,23,30,1,88,61,90,4,2,2,57,31,44,22,60,21,26,13,1,33,18,33,16,40,63,41,87,31,71
12,71,83,11,49,98,100,57,56,6,31,68,94,82,18,59,60,97,4,24,11,12,56,79,18,52,56,77,98,19,10,77,87,87
94,8,24,31,49,38,45,97,51,87,3,49,7,31,54,24,54,45,69,70,56,32,58,24,51,85,96,29,37,36,32,88,96,32
11,47,48,80,48,99,74,53,9,48,2,73,7,32,60,46,43,6,32,63,94,44,25,7,25,45,90,98,7,22,89,16,73,69
66,47,41,21,76,73,54,68,14,72,52,82,18,88,58,85,47,82,56,82,50,63,5,73,68,60,77,1,8,44,85,57,98,67
71,25,27,31,26,72,74,97,93,92,35,85,13,56,70,91,87,31,19,51,99,16,64,90,90,99,32,72,83,88,10,81,22,30
54,0,4,42,37,79,23,90,69,16,25,8,98,68,43,98,4,61,24,61,82,95,26,38,78,67,96,82,48,35,70,29,17,66
58,70,19,82,38,24,89,50,11,0,46,70,2,78,48,45,71,50,21,64,19,86,51,23,14,28,16,14,61,19,58,3,59,53
92,12,30,96,22,7,21,93,2,42,72,15,20,38,28,4,63,85,40,95,88,90,54,98,33,89,31,28,98,6,41,50,46,70
46,83,90,12,32,83,43,23,13,68,22,81,62,87,26,2,51,91,38,31,56,0,24,80,36,51,20,30,70,78,27,22,29,74
9,1,17,79,76,37,0,44,81,96,92,97,1,11,23,80,64,39,56,27,95,51,21,80,74,80,8,0,43,74,59,70,61,18
2,11,52,21,8,88,84,74,99,19,93,94,1,16,3,90,75,67,61,44,93,44,35,2,91,76,69,96,38,62,39,13,59,60
62,89,45,1,16,64,60,83,5,78,28,83,70,78,18,72,73,12,9,4,10,73,17,89,7,13,13,89,44,25,7,37,65,71
84,60,58,37,78,70,82,90,59,18,96,82,16,0,74,81,87,28,87,35,60,27,1,57,41,30,5,100,19,54,44,56,16,60
9,85,7,21,2,48,69,64,70,24,40,78,79,16,70,1,6,18,71,34,72,72,24,52,71,75,69,20,55,27,51,56,79,98
15,29,48,55,66,77,3,22,64,94,14,5,13,89,40,36,84,61,65,78,21,67,62,59,43,32,100,73,4,78,54,40,51,50
80,53,94,82,46,5,39,83,9,25,30,41,55,82,19,67,90,52,67,82,20,68,77,84,39,97,86,18,98,93,87,29,45,39
6,35,68,38,43,64,91,76,94,66,89,24,67,69,60,13,75,68,62,63,8,41,89,57,79,100,39,72,81,6,70,2,29,2
67,94,33,30,24,80,35,85,34,31,65,48,54,70,70,91,27,7,79,65,80,6,98,43,91,58,45,65,54,64,34,59,72,76
43,35,12,58,16,52,56,40,96,67,90,96,68,80,5,69,32,34,10,60,18,53,21,72,80,30,11,74,51,46,63,7,70,17
80,4,51,7,58,53,80,48,34,40,61,20,93,37,15,37,36,47,96,56,49,32,67,49,54,31,21,29,63,86,74,100,29,72
46,53,40,69,50,37,12,92,17,64,20,38,78,65,88,14,2,95,91,87,47,63,90,6,88,54,20,100,97,0,82,95,60,49
10,96,54,26,58,98,39,55,21,42,30,14,93,79,41,64,19,90,98,34,70,63,8,11,93,22,78,60,73,86,70,80,42,25
79,6,48,35,2,22,77,17,93,28,13,4,12,77,54,86,64,63,83,26,29,92,28,21,94,83,83,14,65,15,9,40,60,67
24,46,21,18,67,84,71,79,28,87,68,95,37,83,76,8,17,59,26,44,85,79,29,75,73,20,55,78,86,92,80,19,92,20
92,69,17,45,58,55,86,30,98,23,27,100,1,13,67,18,50,45,68,10,55,55,75,99,41,64,71,80,27,67,44,2,20,46
99,50,13,30,14,40,73,15,26,67,13,36,5,60,26,92,91,77,74,73,6,46,91,9,77,92,56,18,54,16,90,46,40,18
75,39,100,21,77,25,18,76,1,83,30,20,40,44,19,15,27,52,99,69,2,40,92,81,94,85,14,78,95,42,65,30,59,43
83,4,8,15,72,38,68,49,20,42,17,66,0,30,77,94,94,100,30,43,18,7,75,92,20,42,67,28,93,48,69,26,72,96
45,10,70,26,13,70,6,95,10,73,41,48,37,69,27,42,8,99,74,30,21,67,91,95,98,81,7,75,55,42,60,14,69,51
25,99,62,78,10,43,11,96,65,69,78,85,76,91,29,35,68,39,57,85,3,27,4,31,65,74,71,17,31,95,14,2,64,70
80,1,41,71,35,78,89,2,73,67,52,57,68,20,73,92,99,27,92,60,17,13,3,5,40,43,79,65,21,45,62,59,69,88
11,17,9,40,92,46,6,79,98,9,8,20,55,40,20,61,35,33,26,34,26,17,17,61,57,6,72,26,48,45,97,42,52,47
97,63,48,24,28,61,30,50,95,79,2,9,49,1,95,67,38,74,82,30,46,98,23,82,0,83,74,48,62,38,3,9,12,86
47,78,29,86,94,68,11,15,67,25,85,40,93,78,0,3,21,62,78,30,5,11,15,78,56,62,36,35,96,62,11,27,64,2
37,71,34,47,15,94,99,49,83,15,24,81,96,65,4,28,35,15,66,41,87,17,21,65,13,48,58,51,100,30,22,65,58,87
51,34,63,77,92,26,81,37,70,20,67,9,54,86,23,76,68,37,42,46,85,62,27,63,28,34,86,33,97,34,18,41,21,34
65,94,15,69,48,87,56,7,53,60,88,33,29,80,19,81,69,27,54,65,23,4,5,40,40,14,52,90,12,41,51,61,23,46
91,61,43,85,64,78,91,38,16,61,46,58,52,37,2,82,2,7,69,64,6,55,68,58,6,77,98,60,43,73,65,45,33,11
98,5,22,45,28,45,33,79,11,82,19,79,5,90,65,22,73,94,68,96,13,91,71,73,78,33,67,18,47,20,68,45,27,76
42,21,32,90,22,89,99,30,21,10,19,58,64,66,2,41,94,47,22,46,69,80,75,90,1,38,44,95,77,10,31,10,43,63
66,43,40,33,97,48,18,63,3,83,40,97,62,38,86,82,96,10,84,89,33,89,25,71,39,23,10,17,31,6,33,52,5,78
14,90,9,5,41,7,59,8,70,40,45,60,19,50,37,29,86,87,67,36,67,23,37,52,74,98,39,76,38,5,79,46,81,47
7,55,96,60,67,58,30,69,79,14,57,1,40,53,86,62,71,14,19,18,81,14,46,98,14,84,23,65,20,8,85,93,36,23
45,7,4,70,81,22,43,100,73,12,79,7,100,44,27,69,47,59,25,14,64,6,78,14,24,98,33,71,27,72,45,20,77,89
6,45,14,76,80,8,91,13,6,6,39,4,82,81,71,75,68,63,88,32,47,34,79,85,36,55,79,90,40,92,70,77,3,42
28,22,38,11,7,95,5,91,30,41,3,8,80,11,1,31,37,84,85,13,0,67,78,25,10,32,38,47,1,72,39,80,38,34
2,14,67,98,73,68,53,2,62,70,86,90,16,93,75,61,11,24,91,25,100,35,51,72,67,60,93,15,41,44,58,56,100,28
49,70,86,6,23,74,14,94,32,31,58,28,53,27,90,37,58,84,89,19,30,29,95,7,40,19,54,84,11,50,49,39,55,24
43,95,41,16,57,52,67,52,43,32,54,64,7,9,27,45,1,32,10,31,81,12,84,66,12,79,17,66,62,19,13,72,75,73
84,98,73,71,77,65,55,97,1,17,2,87,82,59,73,34,89,20,57,77,33,23,19,99,66,14,6,61,85,53,17,52,15,38
11,29,1,49,58,65,12,80,56,51,9,74,17,98,72,94,48,80,62,52,40,35,77,76,20,63,47,79,33,56,94,80,56,91
12,15,3,77,71,15,78,21,21,51,20,59,89,100,11,2,32,21,57,86,28,84,45,73,47,16,3,76,14,50,27,87,2,74
80,67,37,84,50,86,75,93,14,25,73,34,12,52,5,80,23,3,52,31,84,55,82,91,82,61,18,77,34,9,84,7,27,24
29,69,80,33,36,15,99,58,66,12,15,85,96,59,41,5,29,47,41,20,46,33,3,70,93,40,30,4,27,78,46,85,24,71
25,48,50,87,54,90,58,88,57,87,24,69,52,90,99,35,29,30,15,35,77,82,39,64,15,97,40,53,58,56,80,76,98,79
43,99,34,77,92,38,55,49,28,68,32,56,56,71,1,86,82,50,64,97,67,32,20,29,98,81,27,18,5,6,44,83,82,87
52,16,68,52,43,58,95,34,18,99,63,48,81,3,47,79,91,69,35,40,66,51,45,96,61,71,44,53,48,75,69,47,44,33
38,19,69,7,20,73,71,19,95,70,14,88,35,72,35,88,63,82,2,67,47,64,59,49,4,64,10,83,54,56,66,95,78,69
63,65,4,36,87,82,34,21,36,80,92,66,80,94,95,69,31,7,45,94,75,66,16,52,84,91,91,88,49,55,45,99,3,79
78,17,15,73,51,36,86,87,70,48,90,15,7,78,32,22,62,20,64,78,24,61,33,54,66,88,26,95,73,70,40,17,21,97
37,41,3,87,32,53,53,18,38,15,34,100,88,3,75,12,83,49,85,33,31,81,66,17,95,86,30,24,93,63,77,50,46,8
58,1,90,2,71,17,90,89,18,47,11,93,36,22,35,62,87,30,9,1,72,40,45,93,52,93,28,80,51,68,5,4,61,11
35,18,52,5,30,72,8,90,82,21,46,35,93,7,80,65,88,10,95,66,18,52,89,32,29,4,21,100,77,68,88,49,80,35
8,45,62,80,88,77,43,31,57,86,87,59,31,21,16,30,20,42,80,49,66,10,100,69,61,100,37,5,40,10,87,42,83,25
23,68,79,12,74,76,73,67,35,94,17,18,5,18,17,54,82,34,38,30,39,89,3,90,14,38,54,1,42,84,38,2,9,19
82,78,84,80,69,57,24,43,23,29,60,95,27,90,49,67,86,17,65,24,81,75,83,38,13,67,14,64,59,94,28,87,23,29
13,61,62,77,36,63,4,46,38,20,43,45,95,2,88,66,44,97,69,91,1,28,57,5,55,85,79,95,24,22,17,52,35,51
75,8,50,12,20,82,98,49,46,85,23,35,8,96,39,35,40,98,69,93,36,14,7,7,92,82,31,13,93,33,52,26,5,85
