82,8,27,42,11,7,7,88,39,81,81,83,49,100,70,31,79,75,42,47,79,44,52,74,49,77,85,74
74,97,45,45,63,65,86,15,29,22,47,9,18,16,89,3,55,93,55,42,17,46,38,51,76,79,4,29
3,81,1,91,98,4,60,79,17,41,73,23,29,48,24,36,14,42,50,58,75,25,7,56,67,3,26,32
97,2,46,39,92,1,34,53,21,71,69,54,85,100,53,27,99,100,34,9,99,8,73,62,23,23,57,49
41,77,79,71,64,51,0,77,70,31,99,14,51,65,8,84,19,78,94,80,61,83,80,89,7,40,19,26
22,1,72,39,77,16,35,2,20,21,82,89,73,17,34,58,42,57,28,25,17,72,4,82,6,66,83,65
83,79,86,93,87,40,38,45,61,7,78,48,52,41,11,45,60,13,82,45,88,61,65,16,92,91,79,17
19,16,96,52,70,66,58,96,7,44,58,96,16,44,90,86,12,30,64,32,44,36,69,87,26,38,31,15
15,63,15,71,43,87,35,93,84,40,94,9,8,78,43,56,7,37,41,4,100,39,11,3,12,44,19,77
53,1,15,82,99,8,36,51,41,76,38,28,52,15,14,29,0,10,99,10,33,74,19,11,70,35,78,89
36,28,90,23,10,77,2,44,68,36,10,49,73,87,27,25,32,52,22,3,66,33,25,6,93,68,17,19
100,3,2,69,21,72,0,61,41,1,18,11,32,30,17,41,11,71,87,85,14,50,85,20,63,63,59,80
48,79,57,75,90,19,1,15,92,93,37,84,99,90,45,75,71,76,80,50,99,70,61,48,19,78,37,84
60,54,35,23,23,84,91,53,98,53,1,56,45,16,99,12,35,70,79,28,92,74,12,79,94,44,67,97
65,68,27,11,80,85,14,3,52,74,96,65,70,92,32,62,27,33,4,36,100,98,31,13,39,22,18,51
96,29,31,57,41,33,14,3,61,47,47,85,90,63,30,97,48,88,66,49,3,18,87,86,43,98,1,38
96,48,38,29,33,94,97,47,98,19,50,89,2,58,51,22,63,19,45,74,9,6,1,69,16,57,41,33
45,23,58,16,10,19,7,45,72,40,57,64,54,52,24,76,14,81,89,85,98,34,29,52,81,18,44,76
95,9,21,21,44,73,22,10,54,41,0,80,11,96,59,18,9,11,98,17,39,14,56,19,87,67,37,22
10,52,81,78,56,69,43,70,22,31,46,96,48,75,62,5,79,94,18,35,84,43,50,49,10,83,20,87
52,9,53,23,51,37,76,4,16,47,88,59,53,58,98,51,24,7,59,27,96,5,97,89,98,3,50,55
43,12,40,6,42,79,37,4,21,89,29,28,22,99,49,28,61,48,32,65,54,46,32,45,80,89,66,82
84,76,8,45,74,62,81,63,40,29,30,44,3,14,78,64,89,67,2,11,82,89,76,11,15,31,37,71
70,53,17,88,25,64,70,38,45,10,56,88,1,7,33,24,40,75,78,66,63,61,50,32,85,47,49,19
28,88,63,8,89,82,50,5,55,63,33,39,3,22,2,87,39,65,4,78,15,56,52,37,18,49,70,11
82,93,89,85,58,51,73,79,87,64,38,47,12,45,86,60,81,70,20,15,57,4,2,89,18,93,45,82
33,32,50,49,14,89,60,91,22,59,58,64,39,23,66,4,23,30,27,32,37,31,29,56,5,14,56,49
45,9,94,77,39,81,6,61,46,27,90,9,68,41,74,50,25,26,3,46,95,21,32,5,53,40,63,67
67,2,32,18,94,8,15,88,7,18,23,70,90,72,18,43,45,4,9,42,39,16,91,76,50,96,3,92
17,31,21,3,36,4,33,81,68,94,75,94,98,96,65,15,16,57,73,83,1,68,33,24,53,59,80,99
93,26,88,3,89,74,21,74,19,90,9,84,85,92,10,32,61,42,36,18,55,21,59,76,28,46,92,36
19,30,88,24,12,42,70,18,5,38,67,53,34,34,20,73,48,33,98,20,27,61,57,10,38,90,99,6
21,15,89,79,15,73,62,25,89,68,90,21,30,29,94,46,22,32,17,35,80,46,48,93,28,75,54,73
23,47,74,23,71,58,70,50,85,80,19,6,98,63,85,58,93,1,80,4,15,66,28,59,54,38,4,3
