17,95,47,67,83,34,17,25,25,11,9,61,15,22,29,35,35,37,67,51,84,15,29,16,27,83,46,77,90,42,44,72,30,86,54,57,2,9,92,88,11,72,49,8,27,28,75,100,55,55,45,63,25,29,91,76,31,83,18,57,91,53,81,47,78,22,64
63,92,87,82,26,83,10,63,2,86,49,12,85,3,25,35,67,50,35,79,60,50,67,44,3,92,77,73,37,52,5,51,59,17,61,52,34,75,17,100,67,41,78,52,59,90,100,66,71,60,50,11,25,6,3,5,35,79,88,12,25,76,58,57,82,22,46
86,33,47,73,80,53,92,87,2,81,13,93,63,21,3,4,44,11,13,32,94,53,26,7,37,71,76,80,61,59,63,15,91,2,99,13,97,98,59,32,37,13,72,88,90,41,64,12,45,98,12,28,73,57,69,36,26,18,37,35,96,82,11,69,0,51,48
11,78,38,43,53,6,45,97,77,79,67,68,2,32,33,80,28,68,7,53,48,74,87,61,56,92,7,21,39,31,25,98,48,82,37,53,62,5,32,78,19,89,54,41,91,76,72,59,67,19,66,57,57,94,94,8,83,8,96,2,83,53,18,85,59,62,51
48,37,20,22,33,37,82,54,82,100,33,95,21,4,88,89,39,24,6,100,72,31,58,67,55,48,97,90,12,42,37,33,67,58,94,32,56,44,15,68,2,58,59,15,44,56,33,54,68,79,54,66,39,98,72,54,72,92,69,47,54,29,25,24,89,8,67
48,38,29,0,99,59,97,67,20,94,27,57,4,46,56,36,50,20,55,37,4,54,57,59,10,15,70,51,92,3,5,34,88,21,32,38,93,14,90,40,89,69,94,64,41,30,94,79,33,62,19,1,44,59,72,13,65,53,88,58,48,44,96,13,95,71,52
45,83,62,58,37,38,64,85,83,69,64,73,15,24,100,63,93,47,0,23,0,80,61,46,88,58,2,68,22,99,12,11,51,59,36,75,69,10,76,17,82,52,80,94,46,12,82,40,8,82,64,40,35,9,47,67,16,98,94,97,28,16,37,3,55,100,97
61,24,66,11,85,86,73,77,27,14,83,16,36,99,8,85,44,2,98,42,80,99,19,14,39,3,79,48,29,26,2,59,95,98,7,55,30,85,100,92,94,93,68,76,4,13,21,81,21,54,77,34,15,10,49,50,2,11,88,60,36,91,99,50,73,59,18
86,85,84,79,37,40,47,100,94,53,80,81,5,36,61,52,38,11,91,41,41,62,35,28,18,10,97,13,67,36,76,91,94,38,29,62,22,80,28,84,78,82,68,3,11,80,85,36,40,0,10,95,95,12,12,31,41,46,69,50,53,4,16,67,86,48,64
75,89,9,30,46,66,26,74,66,66,98,76,45,27,28,84,62,99,41,54,8,21,13,89,78,61,30,56,13,95,6,51,4,19,98,68,90,75,95,29,79,75,85,59,78,76,40,37,22,50,74,73,74,60,44,5,7,39,43,89,46,82,14,97,6,77,89
32,76,10,9,61,5,96,55,21,97,15,33,83,33,24,22,38,78,48,41,95,89,46,99,13,98,37,71,53,46,55,73,66,27,52,50,67,98,25,6,79,21,44,44,78,19,53,32,60,81,100,92,97,7,20,96,87,43,58,53,71,39,0,51,63,51,30
86,72,16,41,100,14,28,86,56,33,62,69,82,16,66,62,67,77,11,5,92,42,40,92,76,55,17,70,52,87,93,98,38,35,19,7,0,47,97,46,33,74,96,16,91,14,41,40,0,26,69,34,83,82,24,80,35,21,11,46,14,5,79,58,51,19,80
0,70,15,9,20,29,19,99,40,28,61,99,49,93,34,14,12,53,8,80,30,57,54,73,90,54,37,22,94,18,95,12,25,33,96,45,54,75,11,41,12,47,99,26,18,79,77,34,40,92,50,80,24,83,64,29,24,68,27,19,36,39,16,80,4,53,70
31,70,78,11,55,29,42,62,19,16,30,18,42,28,89,45,61,96,64,66,79,51,28,81,99,7,82,69,81,21,19,93,19,62,68,47,56,47,75,49,81,26,14,45,32,6,62,36,18,55,42,27,41,83,21,90,85,8,22,26,2,65,58,41,43,80,61
25,62,71,74,76,60,83,6,30,91,32,35,38,39,90,67,16,78,80,59,62,32,55,30,48,86,9,38,93,57,86,39,57,85,83,72,70,79,45,97,70,50,38,7,86,90,32,80,47,33,76,49,94,82,7,30,15,34,21,30,85,43,50,21,37,52,1
32,61,76,81,25,49,92,88,11,94,36,60,82,37,79,51,86,83,29,88,98,31,47,42,74,56,20,25,94,5,91,100,67,39,84,39,45,90,35,96,46,84,93,10,84,68,58,46,71,56,6,0,52,37,38,65,28,16,20,79,31,0,10,100,41,94,84
36,62,96,44,72,69,78,87,44,28,45,9,83,1,31,69,70,97,81,29,75,29,23,75,1,75,1,33,56,37,64,12,11,55,43,81,78,66,3,17,23,65,83,46,81,87,29,18,76,92,97,6,49,90,85,98,76,4,81,77,91,38,20,21,67,37,59
33,31,75,70,45,8,88,19,81,12,53,37,65,32,65,77,43,66,7,93,7,23,93,19,37,89,59,36,49,38,14,16,53,44,54,79,22,10,84,42,71,55,0,33,24,23,14,42,6,25,38,0,77,43,40,23,58,32,70,2,92,84,95,6,66,41,49
44,75,56,55,24,20,48,61,47,38,62,89,83,97,8,58,53,68,5,77,79,30,40,54,79,19,64,83,60,2,50,44,36,25,57,47,24,66,19,92,50,59,11,6,57,65,8,54,39,13,100,47,16,9,92,84,17,25,39,95,84,77,89,1,31,20,64
15,75,90,39,43,79,54,45,84,14,76,48,30,73,93,0,8,46,72,44,89,57,37,38,5,23,85,37,64,6,26,37,24,79,17,67,24,83,46,64,87,81,75,68,72,72,87,93,17,89,79,37,6,60,46,93,87,60,16,8,49,3,21,81,28,29,54
31,98,7,43,7,87,70,65,86,100,66,96,12,89,77,81,80,52,47,82,82,50,37,38,46,78,95,100,87,95,5,28,64,25,57,22,44,37,77,13,2,81,12,87,85,37,65,90,13,57,1,40,51,88,10,15,84,67,47,34,44,60,27,9,23,83,76
85,0,14,4,45,21,3,95,15,50,37,74,3,94,64,77,26,57,82,92,48,47,59,7,27,17,94,95,85,89,68,18,52,68,69,27,58,51,10,20,74,65,25,51,74,3,39,20,81,3,81,96,89,20,94,20,69,86,61,4,8,89,27,62,18,100,61
58,51,38,32,70,17,78,28,47,65,37,80,78,19,30,82,68,79,65,49,91,88,60,48,25,84,2,100,19,86,56,99,17,10,74,16,95,9,36,23,58,11,98,92,73,42,83,8,35,22,31,81,91,29,73,61,47,59,53,42,87,5,90,14,98,83,34
67,93,49,49,24,9,100,99,47,26,99,43,48,95,1,95,71,72,18,53,60,6,45,8,87,94,27,96,0,19,26,47,74,94,51,4,60,44,60,52,75,9,90,13,47,12,94,44,0,38,62,88,16,43,61,62,35,47,44,66,26,10,5,82,8,51,41
61,65,100,30,39,77,54,95,24,5,37,29,82,45,63,6,87,26,24,23,15,98,12,70,51,87,93,23,52,8,80,98,79,95,86,0,22,94,80,30,90,7,56,53,93,25,69,41,89,40,5,31,47,0,62,39,18,91,54,0,31,82,6,84,99,4,52
35,35,97,100,24,0,22,48,62,31,63,86,28,97,24,94,53,96,21,47,20,92,86,63,28,59,61,85,92,82,2,2,49,87,27,90,43,87,89,48,90,56,86,28,89,28,83,20,65,42,72,91,19,5,34,32,53,40,34,63,84,94,82,76,45,38,68
71,7,19,29,41,3,98,29,59,0,56,88,42,10,96,4,78,89,100,32,92,79,91,73,100,55,53,63,100,84,41,17,55,99,42,72,28,95,32,57,89,22,53,54,93,96,31,79,25,56,52,75,14,77,56,100,75,65,98,94,61,47,11,43,12,58,20
26,31,49,48,75,51,12,33,58,67,96,100,82,28,73,30,95,42,99,75,7,42,32,81,67,39,88,51,36,42,83,50,24,89,85,83,91,8,73,86,57,58,41,61,35,76,40,18,84,12,15,37,29,5,7,83,8,17,18,93,94,62,90,51,51,5,21
19,61,95,59,23,4,32,15,21,73,1,5,62,30,11,68,66,53,95,65,68,48,57,71,79,4,52,29,63,11,33,42,81,20,59,18,61,84,57,82,64,49,9,55,60,96,36,88,19,90,29,46,52,42,89,32,91,99,88,79,77,27,76,32,10,71,49
33,85,27,21,59,69,30,43,65,6,52,39,90,43,93,0,78,45,11,8,4,88,75,15,2,52,47,53,18,73,65,7,9,33,2,0,35,23,77,3,7,73,32,3,29,40,50,92,18,98,3,45,19,81,71,20,0,8,46,75,7,54,66,3,65,18,26
1,89,77,92,79,9,43,31,30,39,27,98,74,20,74,12,100,60,25,72,38,37,88,2,14,40,4,89,67,57,74,4,18,70,28,77,9,60,30,85,16,0,87,29,50,99,43,74,24,32,58,30,53,20,94,93,34,43,42,16,40,56,80,58,25,39,20
64,8,56,72,43,35,96,69,47,75,15,36,26,13,54,73,19,84,76,71,25,48,48,2,36,83,41,1,41,32,62,77,26,93,37,35,73,0,23,43,66,8,26,34,99,42,31,93,87,30,68,45,7,35,92,60,66,25,34,95,56,16,21,86,37,11,10
15,51,27,65,43,40,16,75,94,3,49,76,86,74,7,4,1,40,79,41,55,31,16,67,87,22,0,6,68,52,22,37,65,26,45,27,43,0,91,17,72,35,71,16,16,67,100,62,22,91,64,36,5,19,21,2,85,85,55,82,89,49,9,8,40,78,54
38,29,80,72,67,47,39,20,16,59,40,64,6,85,74,12,76,20,78,36,12,2,13,69,2,2,27,25,67,44,59,11,63,92,29,67,84,79,68,83,6,10,38,40,15,47,66,39,95,20,31,54,94,85,50,99,62,56,43,1,9,52,33,45,65,93,91
45,69,99,21,28,84,62,83,41,4,6,76,52,86,13,36,77,65,92,16,73,7,52,81,67,43,55,27,3,17,67,92,41,29,51,71,70,79,98,68,36,20,72,36,29,28,8,40,47,8,1,51,6,37,16,91,24,22,49,44,52,72,91,18,81,20,57
98,74,10,43,31,76,39,55,98,91,19,18,50,35,87,18,56,100,26,13,5,54,41,56,31,26,68,67,59,24,33,58,68,0,88,99,56,84,92,55,63,76,87,14,31,20,0,90,27,95,65,50,96,5,51,33,74,22,86,16,68,33,90,77,78,94,92
44,29,76,43,74,62,89,47,41,26,99,37,69,50,99,82,4,71,37,84,70,1,6,72,30,66,57,51,6,28,49,4,52,71,28,93,56,87,28,63,39,87,16,95,42,93,85,46,47,43,67,74,45,10,63,60,95,13,64,29,1,14,83,16,97,42,61
57,58,71,34,25,34,64,14,23,49,27,91,84,5,21,97,16,59,32,84,76,72,44,83,72,23,37,84,41,49,100,75,46,68,44,70,42,59,46,40,56,78,51,74,84,37,77,97,27,91,34,31,44,72,51,15,14,92,11,54,86,54,86,45,52,35,99
48,0,2,82,1,32,52,69,50,41,11,48,58,83,20,51,68,97,4,48,86,80,44,7,1,4,56,85,100,17,99,62,7,92,17,95,100,94,7,19,1,60,35,29,42,30,2,57,30,12,58,30,23,83,55,77,39,2,29,8,13,55,95,46,93,40,27
42,48,71,57,11,26,59,100,42,46,3,82,46,28,0,1,56,29,21,35,46,23,5,34,38,54,8,34,17,31,7,46,54,39,22,89,77,16,28,79,65,59,15,85,92,54,12,68,21,91,68,94,66,91,0,67,26,71,46,96,49,96,100,14,34,17,12
58,94,83,86,92,43,40,72,27,6,6,4,15,99,95,60,80,46,25,35,83,57,53,31,49,98,49,72,82,20,38,85,88,66,0,10,60,4,71,80,38,21,21,100,47,10,83,79,79,93,95,36,57,64,3,33,31,43,90,85,50,58,64,22,46,30,70
33,44,74,8,93,46,41,90,37,75,22,88,16,6,19,48,81,0,79,22,40,18,45,64,78,4,85,42,3,77,38,12,78,86,25,49,100,1,18,3,86,8,97,2,79,53,99,0,93,95,15,36,60,57,47,36,49,34,29,72,63,24,32,58,51,12,71
74,0,74,67,91,51,40,12,92,20,75,96,44,100,18,11,82,75,21,72,37,55,88,47,92,21,64,96,73,12,23,75,3,89,23,62,56,54,18,40,33,53,84,9,9,54,0,90,80,84,39,24,88,75,28,15,3,59,48,76,26,94,15,91,29,29,57
47,94,30,73,21,83,16,47,24,15,74,91,83,17,47,85,50,88,22,26,6,3,10,21,97,50,50,5,50,25,5,18,63,46,69,81,2,95,32,85,24,5,76,65,41,5,38,17,7,8,62,35,15,82,13,31,41,48,59,10,5,71,53,35,27,75,45
27,22,38,21,40,19,69,46,100,71,26,42,49,37,46,74,83,58,39,87,18,70,99,72,81,35,73,52,8,27,74,81,31,70,4,39,16,78,52,34,79,31,95,93,82,32,19,98,31,59,68,8,63,91,76,68,62,85,3,96,42,33,27,16,34,59,4
60,67,27,86,62,5,66,55,12,80,55,38,33,15,84,40,15,10,17,13,41,2,8,38,25,35,23,90,83,0,23,68,74,4,99,98,60,4,88,94,89,53,50,81,6,84,88,73,43,43,5,37,19,36,42,90,50,80,71,26,80,62,30,92,95,64,57
75,93,90,61,63,61,67,35,44,26,35,96,73,66,12,10,18,28,81,3,71,84,6,72,44,7,66,71,100,81,65,61,51,70,68,79,57,9,61,7,44,74,29,76,71,26,59,60,31,7,67,79,30,94,28,32,83,87,41,55,44,58,73,1,47,8,96
47,80,28,22,86,47,17,68,97,10,39,93,61,65,16,16,39,84,57,18,1,74,69,34,22,18,65,77,8,96,9,5,53,13,49,55,71,11,47,5,94,77,62,16,22,87,51,23,15,71,9,21,13,73,24,10,81,66,68,35,56,86,74,1,4,71,51
13,20,79,72,43,66,71,12,92,84,79,51,62,54,83,18,81,28,44,28,0,23,86,49,98,10,83,99,57,92,81,15,21,98,75,32,92,19,46,78,48,79,67,90,63,70,18,35,38,88,70,45,4,27,66,74,82,49,83,90,7,95,65,83,19,47,6
60,57,36,27,2,90,65,71,21,14,78,5,69,4,50,55,4,26,60,35,39,58,83,24,43,70,5,65,5,0,55,26,98,53,64,49,28,1,76,88,59,12,25,15,60,8,52,35,85,18,69,43,35,41,34,99,90,7,95,75,26,80,3,55,81,14,84
73,8,37,56,15,56,63,30,91,18,85,78,49,41,40,67,50,51,31,58,44,61,28,98,10,49,95,8,56,86,70,83,58,34,91,85,11,3,17,100,54,9,18,42,67,14,21,11,7,9,30,53,80,36,83,18,40,88,71,77,98,92,50,2,60,8,95
12,61,10,71,14,72,94,90,7,99,4,74,13,23,35,18,29,32,57,29,80,73,27,5,63,14,37,32,53,16,38,25,97,10,15,63,54,74,92,26,47,65,82,30,99,2,69,15,96,98,100,39,83,75,50,75,23,46,89,45,99,8,59,54,0,38,32
67,52,43,96,48,24,99,82,31,96,78,58,24,50,69,25,61,72,23,17,57,83,93,85,12,67,57,60,67,12,5,36,2,80,4,48,41,21,4,69,99,61,17,81,28,27,76,29,45,54,55,4,53,83,33,24,47,28,99,39,60,98,86,71,90,41,50
33,82,20,68,92,66,75,55,70,23,3,95,58,5,2,69,40,0,87,66,100,37,94,42,36,82,98,69,98,96,10,93,21,7,76,42,86,83,36,14,79,5,50,40,5,40,35,97,99,75,86,0,81,28,8,44,35,69,86,93,55,1,91,92,35,18,33
5,37,35,29,26,14,19,62,81,51,11,43,82,2,56,94,79,17,53,65,10,7,32,18,38,41,87,76,41,28,97,69,86,68,73,11,21,33,62,21,10,26,45,77,14,89,25,48,28,34,99,9,67,53,47,32,20,72,69,7,61,7,66,54,20,6,38
70,87,37,77,32,46,25,39,57,34,47,17,61,66,35,71,33,6,32,15,69,18,63,6,22,36,59,87,64,35,86,60,34,28,65,29,81,58,11,98,23,18,47,8,37,17,100,31,66,70,46,3,86,9,27,17,45,79,95,3,86,27,27,78,42,33,20
88,6,14,23,94,26,80,10,59,32,71,76,60,32,59,65,29,83,90,96,28,82,67,14,86,29,46,70,20,79,20,66,1,12,72,84,100,72,4,92,71,95,25,35,97,95,18,79,84,59,2,8,26,1,89,78,79,41,55,35,67,65,25,50,96,65,1
98,12,89,0,10,65,42,25,60,74,34,79,61,40,72,24,66,73,32,8,10,25,25,63,28,94,58,75,45,63,21,69,25,74,80,61,68,28,5,100,95,71,48,91,89,33,84,4,70,48,87,88,45,12,39,18,71,39,96,7,51,64,89,34,55,66,81
3,93,18,91,56,17,30,50,21,3,64,70,40,3,18,78,14,16,16,12,24,98,39,34,41,1,85,1,83,10,99,24,98,38,91,78,19,46,43,88,5,87,44,18,81,40,95,14,20,97,43,100,36,99,12,4,6,7,32,71,88,29,47,56,64,16,74
65,44,47,43,63,64,78,57,50,22,20,77,3,18,8,100,22,21,94,42,68,14,33,24,61,32,70,33,62,49,25,36,20,11,91,68,67,87,49,57,79,43,83,83,3,52,66,55,50,65,30,87,72,88,52,95,69,22,78,94,73,20,83,99,12,76,0
78,89,91,94,97,42,59,69,90,97,9,65,53,11,78,53,70,8,89,3,84,45,39,33,86,30,100,12,70,72,100,20,58,80,94,12,30,70,22,31,65,43,64,47,59,71,37,86,23,43,65,22,69,85,96,2,87,16,65,41,62,34,0,54,40,42,66
31,4,54,8,13,38,56,84,82,37,90,84,47,62,88,75,93,40,5,12,15,31,67,59,92,97,100,20,49,4,13,12,77,49,51,9,49,49,53,73,81,96,90,17,16,51,42,55,50,58,47,93,33,46,38,31,62,90,33,23,11,95,37,93,68,78,86
82,43,70,15,71,70,93,14,89,59,90,44,59,23,17,81,68,83,79,67,63,27,33,55,75,92,57,70,13,76,9,25,1,24,5,97,75,84,26,77,57,73,35,25,80,73,98,2,4,3,82,35,43,56,96,34,6,98,56,90,66,58,77,90,34,79,27
72,78,11,72,9,18,2,9,70,62,7,41,85,80,20,9,11,76,17,33,78,96,82,77,53,16,98,30,94,66,92,28,23,32,2,79,5,21,47,61,22,77,7,65,79,11,72,33,46,8,79,67,48,91,15,9,24,54,48,81,79,56,97,74,98,69,98
85,96,94,38,29,44,22,53,84,22,56,78,63,67,20,52,87,82,32,72,36,20,63,87,44,42,92,9,62,46,70,23,43,79,63,54,84,62,95,67,100,87,73,36,95,69,40,47,33,85,53,31,36,19,35,74,8,13,96,89,82,86,38,86,98,97,5
92,22,74,93,91,33,28,35,4,22,73,89,18,27,76,85,98,22,60,50,89,9,2,30,34,63,84,38,39,79,5,42,81,95,68,79,54,36,100,90,99,48,37,83,84,63,22,45,29,95,5,0,52,23,96,21,39,70,81,65,54,22,31,36,28,28,32
9,8,95,23,98,89,59,16,92,81,15,8,55,71,94,65,48,25,56,66,68,58,86,20,89,50,33,47,28,28,23,88,69,80,4,81,31,48,14,88,27,60,35,40,10,24,66,92,8,45,67,70,83,42,56,39,21,15,90,69,57,48,51,53,9,76,35
25,21,95,36,89,11,3,84,53,90,71,1,63,90,59,9,55,44,12,29,78,45,45,22,97,100,38,96,79,67,35,62,13,93,7,92,59,88,6,20,12,78,99,68,63,0,56,83,8,83,69,22,85,89,1,24,34,11,54,7,48,76,93,79,36,53,77
96,14,14,60,8,38,53,89,36,13,72,57,21,29,22,15,15,60,14,49,17,0,63,97,13,60,47,88,71,96,57,13,55,14,94,79,65,9,100,4,65,50,57,99,0,58,21,96,91,25,3,49,46,87,8,62,52,70,25,94,17,17,13,87,35,46,55
40,22,44,43,4,24,90,73,58,35,59,94,57,9,37,10,75,31,77,84,55,25,38,94,85,74,59,41,87,93,71,25,80,33,57,46,42,57,47,39,65,12,26,54,27,18,48,60,10,24,39,98,55,46,13,66,11,43,1,53,98,31,4,40,18,95,24
71,87,2,8,55,64,95,39,43,82,0,8,16,45,54,73,38,74,62,73,66,37,4,31,86,29,52,0,59,13,84,59,6,36,46,60,35,67,66,32,62,46,99,29,4,85,100,53,5,73,74,97,10,69,75,83,25,85,88,54,68,13,16,62,4,55,95
47,44,97,60,41,2,5,31,83,100,34,25,77,72,27,52,37,58,9,37,22,72,55,92,85,94,5,46,39,64,85,79,68,46,6,92,51,71,16,57,33,81,52,59,11,98,92,89,58,73,28,30,58,33,29,39,9,87,89,82,51,81,95,10,71,58,50
1,36,8,44,1,82,72,45,41,15,97,37,25,56,71,81,76,62,36,50,65,35,18,10,0,50,58,0,72,46,84,34,9,56,32,42,41,90,37,38,98,72,84,76,66,46,22,86,48,84,0,89,97,86,54,99,73,25,13,3,89,82,11,40,37,95,81
92,19,94,66,36,87,4,28,66,26,93,29,84,36,93,75,57,75,87,92,56,54,52,97,14,59,29,29,96,43,17,61,33,31,22,52,71,23,34,68,83,26,53,53,74,48,49,98,44,41,91,36,75,45,29,21,63,99,88,23,87,32,0,9,33,15,47
16,23,10,2,79,80,94,12,50,27,61,74,96,27,4,28,98,87,8,56,95,32,87,86,86,54,57,51,3,94,16,7,64,59,21,93,58,79,77,59,98,93,95,13,8,51,18,44,98,69,53,99,74,44,54,98,32,0,15,33,68,63,40,33,83,4,15
62,83,0,100,35,6,61,100,81,68,52,48,48,70,92,85,39,8,32,8,45,73,1,81,71,27,40,89,60,64,43,66,97,30,66,26,22,42,85,86,63,35,71,36,74,54,83,99,11,69,91,18,33,17,99,63,95,63,4,31,45,96,94,24,53,36,61
7,29,31,14,52,8,86,11,25,21,74,23,54,98,36,85,67,27,65,23,22,92,95,67,54,49,6,27,97,30,100,95,51,69,53,52,0,61,45,62,71,43,92,87,80,21,81,1,89,90,34,42,37,74,64,29,1,93,68,76,84,19,30,68,41,76,15
2,66,31,61,52,65,96,27,73,62,39,99,85,16,88,87,78,26,39,90,72,8,22,45,39,38,85,28,27,12,9,78,13,41,1,38,97,87,77,40,86,55,95,12,4,84,46,15,71,75,35,80,58,100,80,23,55,74,13,3,20,12,100,62,19,46,32
11,69,23,72,99,60,63,98,36,49,100,70,86,87,1,83,62,5,45,59,99,88,82,84,11,43,99,68,0,80,34,74,34,29,36,66,95,0,9,74,87,15,95,54,99,20,4,16,11,78,4,82,100,15,77,75,87,82,13,61,5,14,93,63,8,28,35
77,46,58,28,75,47,87,37,14,9,17,36,81,55,69,21,43,11,27,47,57,25,26,12,1,80,89,64,59,25,80,39,2,13,27,25,60,67,8,92,62,27,65,72,23,5,18,6,88,58,60,63,91,5,28,61,2,85,13,79,17,79,69,2,12,6,84
96,10,62,51,62,78,56,49,24,66,79,66,96,5,84,80,73,82,51,100,69,42,3,8,76,29,51,28,38,69,83,70,3,13,96,37,71,84,40,55,24,63,24,29,80,30,64,39,59,74,76,48,87,97,20,17,86,88,4,41,9,61,65,42,28,20,100
53,91,32,44,64,12,62,84,35,70,23,1,45,51,13,95,42,81,76,3,98,96,83,40,91,88,72,38,77,31,15,63,83,24,78,31,86,42,43,24,41,96,19,52,12,11,30,20,92,73,85,22,89,94,28,75,28,89,12,56,53,29,69,95,55,69,57
47,46,45,94,59,18,91,99,7,63,20,75,67,14,27,84,33,14,32,35,13,19,43,27,77,100,13,97,74,30,16,65,49,60,86,77,90,100,88,91,47,29,23,16,10,38,51,37,91,50,49,95,42,86,97,67,47,58,98,87,93,91,84,54,6,51,16
53,71,90,44,77,11,8,62,3,87,25,91,43,40,82,85,76,31,35,49,29,93,71,5,24,28,20,47,31,59,96,93,57,19,22,85,38,54,12,78,28,40,29,16,86,25,43,14,12,7,0,34,52,52,76,4,49,41,100,92,45,95,80,94,47,53,53
38,45,51,72,46,56,29,21,57,1,8,17,85,89,13,79,30,41,86,6,50,40,69,90,82,24,66,39,66,42,11,74,67,36,7,15,89,36,71,78,19,57,50,23,65,35,78,52,0,9,3,27,99,27,89,78,59,60,62,65,24,35,5,48,76,12,13
78,82,11,32,18,36,37,17,59,49,95,46,77,4,35,24,40,0,78,19,0,42,59,25,35,94,22,38,58,93,36,92,16,23,99,65,78,6,28,66,7,47,79,41,42,52,58,50,97,58,87,94,56,61,84,86,99,27,85,94,94,77,62,71,51,51,62
15,18,39,96,62,28,51,92,19,40,51,4,21,76,49,71,66,28,2,92,78,65,82,16,91,62,66,78,84,97,25,32,4,45,25,24,50,6,24,73,53,26,98,1,100,10,65,9,71,26,61,5,44,46,12,52,74,75,18,34,16,77,3,87,64,65,43
64,95,44,7,46,38,2,54,99,43,63,70,23,21,16,42,86,36,53,42,84,2,31,29,0,22,16,91,92,44,65,55,100,19,3,74,34,35,54,43,24,51,13,56,20,78,44,78,19,45,68,30,15,78,33,7,24,26,97,39,53,32,69,98,100,11,3
39,32,74,61,70,65,47,24,26,80,40,50,4,30,28,16,33,15,20,69,36,51,18,91,48,85,28,93,24,6,80,59,1,68,80,34,99,26,52,93,18,78,71,66,28,4,3,8,79,2,60,98,47,95,26,12,50,94,97,0,24,21,41,9,46,66,68
93,39,40,12,35,33,10,31,62,30,75,87,65,34,18,89,93,86,3,42,78,50,62,78,97,31,49,53,53,83,96,13,22,23,10,5,98,72,16,96,13,54,38,94,58,59,96,56,67,43,82,40,96,64,11,40,7,20,75,17,49,40,34,87,79,92,45
4,50,35,43,57,37,3,78,40,16,15,88,94,41,22,3,20,79,3,1,14,17,70,19,82,36,52,96,56,24,76,33,85,48,97,76,88,9,23,68,52,12,17,86,55,17,27,20,68,8,11,100,90,54,10,75,100,5,21,59,64,27,96,68,81,15,83
10,16,30,85,98,28,89,65,61,0,78,92,0,24,83,26,95,86,98,12,55,75,7,24,9,41,30,95,75,98,30,76,84,96,91,70,24,67,55,75,22,0,0,28,93,79,56,19,96,25,49,72,0,29,19,97,91,31,94,47,41,87,27,31,2,47,35
