45,53,68,36,51,13,11,38,83,43,84,16,29,14,7,85,60,77,69,45,12,38,11,44,5,16,26,49,33,16,26,64,97,98,80,96,11,95,46,97,6,89,6,3,34,71
92,60,74,53,8,70,72,21,85,99,54,5,14,13,0,73,93,17,60,99,18,87,82,18,68,25,17,9,22,83,100,22,17,5,68,69,14,20,64,40,9,76,12,95,55,0
35,98,0,8,61,25,26,40,98,1,94,10,11,71,27,58,48,72,23,26,49,62,34,96,42,39,25,98,39,70,57,87,59,61,27,14,78,16,86,0,53,91,46,52,2,50
16,59,42,77,23,82,48,62,75,97,97,65,83,82,68,63,36,100,19,43,68,33,56,41,90,86,62,38,93,58,50,65,60,73,11,45,28,69,79,11,48,66,30,16,36,23
4,42,75,38,78,86,2,54,22,8,24,26,50,35,18,98,41,12,26,78,40,87,37,85,27,52,60,34,27,0,69,82,91,4,44,96,78,30,60,85,5,21,12,20,65,96
21,84,9,7,24,35,20,58,51,77,53,46,86,22,65,86,53,4,1,100,74,28,39,25,18,53,29,4,7,50,58,81,68,26,17,91,75,53,49,74,54,21,82,85,18,23
27,23,25,75,18,60,73,6,52,73,42,54,74,66,5,36,9,77,73,80,99,62,40,54,61,32,89,17,40,48,31,19,99,79,90,71,34,31,53,13,10,59,11,7,27,75
98,69,32,19,80,50,12,86,19,48,1,4,14,39,25,59,41,60,62,13,93,80,23,80,9,3,11,26,61,56,1,45,6,19,49,31,12,71,47,68,57,3,52,51,28,70
46,68,95,66,6,71,30,68,44,96,15,19,17,100,28,77,42,17,27,54,87,12,1,63,12,33,91,56,74,69,6,89,89,75,27,77,28,69,65,54,81,99,37,4,72,54
81,72,26,17,40,99,11,9,69,4,2,66,58,38,14,48,72,44,1,53,26,41,60,61,70,16,74,11,30,22,86,77,11,91,78,41,76,31,85,86,61,30,87,41,100,91
82,70,32,62,56,43,62,98,22,84,25,76,9,62,62,43,16,68,31,36,27,90,90,18,87,14,13,40,64,15,26,89,36,61,87,15,49,49,13,26,42,14,31,77,73,42
75,95,6,46,95,29,30,3,95,70,97,29,56,10,84,20,99,38,24,22,7,88,55,46,62,8,71,54,90,29,21,80,45,97,98,88,13,35,13,50,76,59,66,50,81,0
91,42,21,66,23,87,49,63,94,43,70,68,62,29,75,60,73,70,55,95,36,2,83,54,39,5,19,45,55,96,32,91,35,70,30,19,46,67,34,69,33,22,9,45,22,55
29,86,30,2,91,96,38,17,84,27,100,14,44,54,72,71,99,75,9,91,31,15,31,47,52,82,30,94,86,32,54,28,10,37,25,74,61,4,66,78,80,30,53,31,73,85
3,2,36,27,43,17,5,47,68,37,62,37,24,26,35,66,10,30,31,25,3,70,81,6,42,63,55,89,8,62,1,87,47,18,3,99,81,82,98,6,71,57,76,25,33,98
37,33,68,87,11,89,9,42,89,23,78,30,26,88,95,14,10,99,77,66,66,66,80,37,76,78,66,97,76,30,41,39,15,71,89,98,59,12,57,26,58,58,68,37,37,68
77,44,97,5,83,75,51,31,71,36,75,59,86,91,67,4,1,7,33,75,92,11,26,83,58,10,36,54,38,8,100,20,24,42,86,69,55,54,15,11,35,44,80,18,4,12
3,91,54,82,51,60,67,74,97,82,67,64,17,95,22,65,73,69,57,5,56,40,58,75,15,11,55,77,18,3,60,88,93,13,19,64,3,76,70,56,68,92,96,46,38,24
80,80,56,85,98,52,38,14,76,8,45,23,92,13,13,50,62,7,45,12,24,20,60,88,85,73,33,57,76,93,61,5,59,25,27,85,20,46,1,42,10,90,12,97,81,9
1,86,16,43,49,18,90,89,3,86,92,86,58,1,60,92,93,51,23,39,32,94,22,57,94,12,52,52,84,21,48,43,69,82,80,29,3,92,53,55,93,45,18,2,90,69
35,77,17,70,36,19,71,36,96,12,59,56,1,17,8,11,93,31,39,82,35,38,34,86,53,69,89,7,63,83,96,9,30,75,15,71,75,15,61,68,28,62,61,35,44,57
96,75,85,98,14,55,10,42,77,51,61,24,73,1,3,68,40,26,50,36,100,16,48,36,81,90,47,47,97,85,77,10,62,8,12,38,52,15,72,14,98,0,25,88,56,45
2,28,66,0,25,42,56,36,97,93,57,93,53,10,87,59,79,76,49,51,47,79,93,94,17,39,18,26,24,8,93,2,44,59,73,86,47,72,48,20,83,96,0,39,44,30
60,44,81,4,56,44,97,3,45,65,49,47,46,92,59,80,48,86,15,45,12,73,41,39,67,70,57,100,60,87,75,79,68,15,58,73,94,55,15,36,67,66,28,15,75,79
61,74,58,74,65,15,99,28,71,97,59,80,37,62,77,59,14,100,95,41,31,70,33,23,74,92,30,13,83,90,61,40,17,76,18,21,32,7,19,96,44,45,93,54,97,62
85,88,42,41,42,7,38,71,5,24,17,69,19,47,87,53,47,52,50,4,99,66,14,77,46,33,88,39,56,63,99,47,7,8,27,7,66,51,64,36,80,39,38,82,43,77
76,66,18,42,71,8,35,83,24,95,76,27,67,5,45,60,35,40,93,95,14,67,31,28,67,65,73,9,84,66,34,81,45,34,21,42,68,85,8,27,52,96,96,31,82,48
30,39,26,27,5,76,60,49,76,51,49,20,32,77,92,13,16,82,32,45,59,44,19,66,2,44,45,60,50,4,96,58,74,83,83,50,85,0,87,29,25,29,39,57,20,83
64,22,52,18,35,66,85,25,94,26,92,91,96,58,55,46,74,16,75,0,77,90,95,98,62,36,97,35,100,19,82,73,91,7,36,33,2,46,67,53,81,69,19,67,41,99
15,54,87,78,2,69,99,40,85,11,22,56,87,82,41,71,80,78,69,22,30,69,26,45,14,31,58,27,43,24,80,52,20,91,81,15,70,10,59,35,60,20,54,13,30,67
70,64,60,39,11,39,97,33,84,28,12,21,81,15,21,89,100,5,5,64,46,54,91,67,84,38,69,12,57,25,46,9,75,23,32,69,32,38,15,58,18,85,64,12,52,35
58,65,46,91,86,100,92,83,60,21,31,86,73,55,18,2,17,55,57,25,34,7,8,4,77,68,56,86,100,67,51,86,24,2,3,28,97,89,60,59,56,27,15,36,28,23
3,74,41,59,52,3,5,0,11,44,34,28,19,59,50,2,0,37,48,100,42,26,52,98,49,52,34,11,73,5,94,3,55,14,86,55,63,87,50,80,24,61,66,22,2,71
29,80,67,37,89,26,67,7,78,88,24,55,24,100,68,71,22,24,95,82,72,7,14,2,84,8,68,5,82,41,95,67,68,18,56,47,98,61,78,45,35,98,16,48,32,40
10,85,17,63,100,27,35,23,24,67,29,63,42,94,65,91,32,11,62,83,62,98,61,83,52,32,51,77,23,67,51,95,4,90,35,14,20,38,34,86,94,16,63,70,49,45
63,37,94,76,56,88,78,58,85,27,93,100,43,57,65,29,34,95,83,20,1,20,34,33,93,19,68,87,10,38,50,70,95,66,65,72,45,88,73,77,64,9,77,82,28,76
6,93,30,87,37,93,32,79,18,7,32,42,12,30,14,48,39,31,11,44,21,22,79,36,79,77,97,68,66,4,88,5,38,61,75,26,45,78,50,28,36,81,46,40,41,13
91,78,28,23,87,60,88,78,80,63,77,67,7,53,87,46,70,8,37,24,28,68,49,35,70,21,38,14,58,44,98,92,54,96,24,4,0,67,46,82,18,50,26,51,60,35
5,83,90,38,57,13,77,96,47,78,97,92,53,94,64,74,9,38,77,65,39,13,0,4,49,29,78,57,32,73,49,61,54,23,33,25,97,62,6,65,49,75,94,69,98,91
67,47,42,34,22,89,40,98,7,84,88,54,53,74,26,52,16,41,52,10,36,95,41,67,78,21,55,80,29,28,36,24,83,11,11,80,19,92,94,63,58,44,96,55,37,0
65,60,66,90,88,99,84,38,16,14,42,11,55,74,22,59,2,85,74,52,71,27,51,55,7,99,47,42,96,42,35,20,43,20,73,64,23,61,67,25,22,35,49,67,8,76
12,71,63,28,15,14,14,27,8,1,75,30,9,36,34,67,40,12,65,17,65,52,20,24,45,12,72,25,1,47,75,81,1,58,19,14,28,1,36,1,26,47,35,40,62,4
82,92,93,77,76,99,88,83,46,95,66,29,84,90,18,57,84,72,61,46,93,45,75,48,72,59,40,83,76,83,17,11,98,14,50,34,61,23,23,11,39,74,24,57,2,26
63,68,34,82,96,2,80,0,78,11,32,63,25,91,73,72,54,99,22,52,67,64,44,44,75,96,10,1,14,14,70,75,69,43,38,74,66,64,84,58,6,44,94,90,29,11
45,6,78,15,12,97,80,20,50,8,93,67,89,12,93,70,85,94,63,27,66,85,51,47,2,26,3,46,89,39,91,24,28,28,65,65,41,14,50,32,73,49,70,36,24,41
89,41,50,63,93,53,93,80,82,21,46,40,100,81,10,54,35,39,15,60,94,85,14,7,92,1,45,18,30,6,59,33,22,76,0,63,35,8,46,35,8,22,59,39,63,8
69,35,52,73,90,92,67,58,6,90,88,69,4,28,82,42,86,80,44,61,87,39,22,92,91,83,8,85,30,26,33,59,93,10,62,28,17,45,23,30,19,73,12,98,59,29
95,52,80,22,0,70,24,86,79,55,28,32,42,49,62,77,94,63,29,23,69,34,91,39,44,40,40,90,68,60,29,54,82,78,76,11,23,96,67,4,15,73,73,84,42,80
63,23,90,23,11,81,92,79,5,13,40,68,21,6,37,59,49,8,19,13,17,47,12,44,42,98,53,28,41,3,12,7,20,67,58,0,14,68,43,48,62,85,80,16,26,95
31,0,11,71,31,71,68,3,75,74,36,97,95,4,87,12,19,36,92,53,75,1,92,9,76,56,53,5,55,32,75,15,92,81,20,76,32,86,13,73,74,50,4,28,57,100
88,12,52,78,18,54,65,8,71,35,84,11,13,95,100,22,40,77,96,62,88,60,60,50,15,24,26,33,88,85,60,27,84,66,31,21,32,30,74,86,42,96,35,42,99,90
13,11,84,9,63,73,68,80,88,22,37,0,83,83,12,94,60,57,31,11,88,73,33,88,57,75,12,6,12,25,23,65,66,61,87,57,98,99,11,51,88,27,59,33,96,55
77,25,97,73,13,72,24,62,10,41,22,64,68,94,39,68,91,47,42,44,18,57,56,98,84,62,0,80,73,42,50,61,61,15,86,87,80,85,8,78,49,44,64,46,4,19
74,19,94,67,96,0,33,84,26,32,40,52,73,6,25,69,99,71,73,51,93,84,42,66,1,4,89,21,17,13,20,57,18,66,20,10,34,23,55,52,53,90,78,52,33,70
17,49,63,62,93,36,43,61,92,97,18,48,54,42,50,27,49,59,70,8,49,23,43,54,96,16,51,50,69,71,66,92,51,98,15,40,64,82,86,26,86,8,64,45,14,12
19,11,14,55,2,61,29,4,1,50,35,22,16,6,59,33,8,10,11,90,99,88,0,76,22,20,96,14,15,76,12,95,20,89,66,74,36,40,0,2,0,5,34,32,42,7
43,82,90,70,38,63,76,97,10,41,63,89,56,54,41,2,23,52,45,100,27,72,80,48,98,85,88,94,84,58,94,58,68,36,69,24,100,78,39,52,49,9,67,32,39,1
3,14,43,69,57,38,24,20,53,31,74,34,97,38,55,46,6,68,36,49,85,87,4,21,62,36,23,84,25,29,56,33,60,32,0,80,14,9,30,7,67,31,6,28,22,19
29,90,12,95,83,19,0,15,86,54,11,29,73,74,53,25,42,36,63,16,98,2,64,16,23,91,66,65,93,62,37,34,91,82,73,10,4,54,13,100,39,74,8,26,99,52
15,84,33,43,1,71,48,86,43,91,70,92,12,95,42,38,29,93,14,41,98,3,79,61,78,84,53,34,93,94,24,2,91,32,63,13,73,90,89,23,52,50,15,71,52,8
26,85,82,90,90,15,43,18,0,9,61,96,58,35,16,89,93,54,33,76,23,35,15,46,69,62,44,38,1,6,69,49,98,59,34,65,43,68,89,76,59,79,74,17,61,50
13,21,96,98,46,29,76,73,30,75,26,0,89,21,57,8,90,98,19,44,9,46,55,28,16,71,8,89,85,31,85,73,35,98,93,73,41,87,39,93,27,43,7,48,38,2
59,39,17,27,55,49,85,32,66,78,59,13,6,67,80,80,75,43,68,67,8,27,77,16,90,50,61,46,90,11,22,49,64,39,79,75,83,24,26,6,42,74,35,43,42,40
87,94,79,5,7,9,49,69,65,35,85,14,39,6,23,59,75,14,47,48,1,47,29,37,32,21,53,89,72,48,21,55,17,83,48,11,12,90,7,72,79,30,38,3,72,93
43,92,33,34,20,36,87,9,96,28,6,1,1,63,56,14,87,53,51,40,15,69,37,75,81,18,44,6,80,17,66,6,55,18,40,76,36,82,76,19,99,15,76,80,4,80
78,75,65,54,59,93,35,69,78,53,77,42,42,58,32,54,70,95,52,3,53,19,48,61,39,53,58,98,37,98,21,26,24,56,64,83,78,52,31,53,41,26,86,1,39,55
59,7,16,29,75,7,68,47,66,3,44,54,31,88,55,16,6,54,40,41,87,64,30,86,42,11,0,47,2,29,30,44,23,2,52,61,9,87,6,71,76,59,34,82,3,3
