37,66,45,7,83,19,25,76,24,32,42,80,23,15,45,58,76,4,7,93,91,99,99,78,23,9,17,45,9,74,4,28,41,31,45,0,24,27,28,75,47,91,66,98,62,17,83,100,56,61,93,31,30,63,2,53,86,1,4,87,46,88,74,0,80,46,76,34,69,84,79,70,57,18,19,54,1,77,28,99,92,35,66,12,74,25,66,26,27,63,45
51,33,5,58,50,4,71,58,43,31,73,43,78,22,93,66,83,45,90,62,58,9,74,14,0,15,70,15,47,61,92,66,63,3,55,53,57,74,51,1,41,30,54,23,7,57,56,46,59,84,52,50,12,82,10,47,51,16,14,30,20,55,71,2,74,78,79,39,78,27,50,0,36,19,79,51,44,93,73,39,96,27,54,12,13,13,18,75,52,94,33
70,76,61,43,71,93,3,95,55,70,54,56,56,17,37,0,59,84,33,36,24,98,22,19,78,81,83,60,71,77,82,50,20,73,4,92,55,32,76,84,78,51,91,74,24,28,94,41,44,61,73,34,82,2,68,31,69,44,96,61,46,33,74,41,34,38,28,7,40,63,81,38,60,68,12,87,96,67,82,98,86,95,89,2,89,24,17,56,12,15,77
42,89,79,32,4,52,49,40,70,87,3,92,51,25,45,98,32,30,50,3,51,86,94,75,14,56,100,44,72,92,100,98,91,60,87,5,4,36,69,37,24,74,84,71,21,19,68,68,89,68,7,46,29,84,60,16,4,80,63,79,89,53,91,75,34,64,53,80,79,12,15,12,38,0,79,88,90,95,27,87,13,25,71,22,24,10,51,91,42,93,38
45,7,74,61,13,79,100,81,13,59,84,55,83,11,40,72,39,81,22,92,93,65,59,7,52,2,93,90,95,28,35,88,14,78,27,80,27,98,62,25,86,26,50,10,69,77,56,95,23,28,35,19,36,79,37,68,16,87,66,72,67,38,45,4,58,36,84,76,77,81,20,98,100,16,22,55,59,37,21,89,19,91,83,26,37,77,50,8,0,20,12
46,16,4,57,72,55,16,91,30,21,57,86,9,67,31,83,62,75,22,89,69,37,98,23,87,14,16,80,78,78,26,59,70,10,47,21,12,76,98,94,15,44,12,80,34,48,98,28,50,10,56,55,34,10,1,86,76,75,35,53,66,11,93,16,70,42,96,86,75,93,6,28,39,63,83,32,35,86,70,9,98,15,51,81,5,80,61,99,54,82,31
61,25,20,34,82,89,8,1,32,34,24,72,13,48,65,64,48,91,27,86,95,20,17,75,81,48,32,92,77,89,80,87,40,70,48,88,92,61,77,50,95,29,36,10,52,74,88,23,96,3,64,28,94,47,97,42,38,54,64,32,31,89,33,80,90,93,14,72,0,61,23,55,68,2,8,21,8,53,56,53,32,6,0,12,98,48,5,14,67,98,46
56,46,22,74,72,53,63,21,64,37,48,98,66,57,83,93,37,13,77,84,25,53,92,79,95,68,21,33,93,52,43,65,27,23,5,44,81,94,40,47,78,15,56,11,17,18,87,6,67,47,32,81,10,81,17,31,94,86,14,41,24,88,49,86,87,82,79,41,45,63,23,58,88,63,7,26,18,46,61,43,65,99,44,44,30,98,63,69,66,55,1
44,89,39,61,41,22,77,36,58,41,23,12,40,11,51,89,47,95,57,5,26,97,99,44,11,1,7,99,7,79,28,5,95,65,41,64,41,88,81,77,7,20,14,56,54,4,0,0,70,51,48,40,86,6,19,21,87,54,70,75,4,10,16,49,70,36,86,63,96,12,60,86,18,16,75,8,70,90,98,48,97,45,52,11,55,23,10,34,79,83,100
52,89,29,69,20,90,69,66,36,37,47,46,75,96,90,53,36,22,98,38,18,46,3,66,58,81,24,51,41,55,59,6,8,86,0,0,85,95,66,43,66,83,14,3,79,49,100,67,13,37,94,77,62,68,2,4,2,84,84,62,62,64,44,96,100,23,63,5,36,91,70,93,47,38,34,36,93,7,50,71,91,79,11,57,24,90,34,24,18,11,11
67,0,99,94,63,12,36,77,12,28,44,21,50,58,47,48,2,76,72,56,99,42,14,82,70,87,98,81,21,4,2,86,8,10,0,40,97,68,14,0,74,12,89,83,97,80,20,91,17,13,38,89,38,36,41,46,51,8,45,93,80,61,86,87,54,30,36,64,4,4,94,86,92,55,95,39,31,71,20,8,71,8,27,16,13,32,62,4,99,77,60
6,11,70,72,97,23,17,32,76,28,7,50,22,21,68,50,34,42,23,32,92,12,87,62,31,36,92,99,42,62,77,43,22,64,51,97,29,98,77,51,37,46,42,52,24,36,26,59,6,2,24,85,17,36,35,80,84,57,32,77,74,53,53,51,64,14,2,42,27,13,89,58,99,71,98,11,84,13,42,5,14,26,69,31,39,67,57,42,0,77,14
64,54,76,74,43,62,65,3,39,83,52,2,68,70,8,88,88,5,56,73,0,6,17,12,37,47,31,19,4,88,83,52,16,39,84,32,77,83,26,46,66,58,74,22,45,92,47,93,42,97,19,24,41,69,80,68,19,43,85,3,96,77,93,80,97,51,3,60,97,12,25,47,22,26,90,64,1,96,83,26,65,97,79,42,46,15,70,60,86,44,95
66,72,67,37,64,25,55,97,1,33,55,69,97,98,23,98,52,72,35,99,5,75,40,89,99,30,9,75,21,36,6,34,94,78,30,78,85,90,82,23,98,24,88,100,54,33,16,51,13,97,61,8,67,10,86,21,26,72,55,47,29,0,57,9,11,85,40,61,98,85,69,91,74,56,43,32,25,23,92,93,80,72,24,85,36,70,56,54,7,86,22
96,50,50,36,40,31,83,73,92,82,95,25,67,27,24,62,89,35,63,93,62,34,56,25,7,0,41,39,56,12,49,49,55,85,36,23,54,90,32,80,67,6,68,97,18,24,34,42,23,12,37,67,82,37,75,71,88,52,34,46,58,16,67,40,40,56,7,98,21,64,7,5,77,70,5,4,99,10,14,59,98,91,28,85,44,67,62,0,75,5,54
39,25,44,61,49,6,66,51,94,90,100,4,81,92,91,51,46,4,98,66,33,32,93,9,94,25,6,10,52,35,21,21,9,27,69,50,13,97,79,72,57,49,78,81,5,33,61,63,54,20,38,73,24,29,90,56,86,30,67,10,25,6,89,43,86,31,62,17,55,87,83,16,51,60,11,20,91,98,16,18,79,88,71,90,33,4,25,75,53,71,8
37,40,29,93,39,84,66,95,87,65,74,1,47,27,81,40,66,84,11,47,37,73,27,36,6,46,69,42,31,12,53,66,19,81,66,18,67,52,55,8,25,1,62,83,73,43,85,37,71,42,54,100,65,52,26,52,58,23,50,96,7,54,14,8,68,55,47,64,19,7,38,35,51,72,92,65,24,6,54,87,59,40,14,72,4,85,60,97,66,44,20
69,59,61,65,89,89,16,4,25,94,62,66,88,78,8,75,30,35,33,50,21,38,38,31,70,20,95,25,9,44,27,5,24,2,90,3,89,81,50,61,46,88,19,40,14,27,54,70,19,80,27,95,35,51,94,98,22,38,4,97,82,96,51,96,38,49,58,28,87,46,23,77,79,63,45,21,39,52,34,32,17,98,82,58,64,17,47,95,12,68,74
15,12,46,51,34,39,24,6,56,4,93,85,3,53,45,46,49,75,22,29,37,97,73,19,84,91,47,43,13,14,13,32,17,59,100,53,99,54,95,67,69,60,97,63,21,86,78,97,83,97,80,80,11,72,39,60,2,29,23,98,80,16,4,31,63,66,31,20,12,39,38,93,29,25,44,86,46,98,42,65,44,77,34,1,1,77,40,20,19,46,32
47,37,81,47,3,82,47,9,21,61,14,87,57,23,57,43,55,6,91,6,17,45,52,0,71,33,6,69,91,64,15,59,53,12,67,8,81,42,0,66,79,65,88,27,75,85,78,75,41,28,53,49,53,9,90,52,85,5,75,88,89,30,60,43,25,38,7,94,63,4,100,62,32,94,67,10,56,1,12,39,42,3,19,13,30,81,57,38,62,57,79
60,80,24,47,19,60,33,45,70,97,25,53,97,36,21,36,20,65,63,79,93,75,90,73,39,71,69,70,23,27,83,20,13,99,88,84,98,40,35,85,55,12,12,47,82,1,47,85,7,70,78,69,33,61,5,21,23,29,75,88,35,54,28,69,70,56,12,75,64,98,65,70,54,60,79,7,21,59,81,27,53,27,1,50,34,58,58,4,1,37,44
72,98,3,54,80,65,69,69,59,33,35,25,39,66,82,5,40,13,14,100,84,82,8,65,28,0,70,80,57,58,33,2,9,54,83,70,48,34,38,53,53,21,46,80,99,99,54,37,52,67,48,6,17,7,36,55,6,69,79,80,3,27,53,65,19,49,94,55,100,58,89,65,26,51,36,81,46,43,42,72,12,47,40,34,72,7,54,62,90,87,61
89,23,36,32,7,66,54,88,48,62,85,4,3,70,62,39,81,3,12,97,43,41,51,21,21,11,88,16,100,65,12,52,64,27,18,89,58,62,94,54,8,94,78,9,13,27,45,85,56,79,95,18,10,8,86,1,9,30,100,85,52,66,52,22,40,12,0,49,93,15,13,28,30,30,73,23,77,28,44,73,73,28,28,10,36,32,95,92,87,10,37
93,35,56,77,99,52,58,51,90,35,60,72,54,38,44,100,10,67,44,13,4,35,52,0,66,99,99,35,29,75,4,38,11,74,69,16,52,64,79,4,85,13,1,65,100,30,45,26,8,77,53,22,68,56,87,37,33,33,25,88,100,1,56,20,13,61,100,83,30,83,59,65,79,46,80,16,80,27,45,16,54,46,47,85,0,66,8,27,1,62,51
58,50,21,25,1,77,76,63,32,46,46,53,64,56,5,31,79,20,35,27,35,70,100,74,21,66,91,9,52,59,6,84,54,70,71,39,80,30,73,20,6,34,42,23,64,40,21,28,88,94,44,79,36,10,50,81,68,20,40,66,96,63,91,82,89,34,68,23,4,99,69,47,26,23,65,83,6,50,29,40,18,87,78,46,82,100,78,98,68,93,49
47,30,48,20,56,28,56,0,3,92,12,8,36,4,36,11,95,88,16,35,5,57,51,12,49,56,88,75,79,60,97,24,72,55,77,74,10,1,1,20,96,75,38,92,18,24,17,88,16,34,20,38,37,33,89,78,29,84,77,36,0,34,57,32,89,94,60,37,25,100,75,23,72,24,48,72,46,61,3,85,26,50,41,95,73,48,56,87,18,64,40
4,96,0,20,68,85,86,78,97,37,8,89,82,83,56,14,80,33,2,37,100,68,24,32,47,73,76,98,25,41,28,42,84,12,15,73,64,90,11,21,21,5,76,76,32,18,27,61,13,75,48,22,7,87,28,25,15,79,38,83,29,43,7,47,52,31,0,83,74,17,56,3,71,74,36,14,58,21,53,51,34,50,71,23,7,94,25,18,44,17,63
14,35,71,74,44,26,59,38,45,76,34,47,51,53,55,34,86,93,79,58,36,16,24,12,75,50,57,25,99,39,64,92,86,20,13,9,49,35,4,58,0,56,58,51,23,83,85,97,34,57,91,43,73,70,50,90,28,49,95,56,40,71,48,40,92,15,61,42,45,52,88,27,3,49,36,72,55,33,25,15,94,87,99,8,13,43,23,80,23,3,9
6,18,98,62,98,95,52,77,52,37,67,87,28,20,97,17,86,97,14,52,67,75,35,23,46,68,24,11,38,7,53,32,60,36,97,89,100,9,34,21,100,51,8,17,51,1,12,88,64,61,9,90,38,17,14,48,69,4,20,58,18,82,63,13,40,9,72,82,72,37,34,6,56,30,22,21,52,70,8,75,86,67,49,31,37,91,49,82,99,66,9
52,30,89,9,23,0,81,69,64,65,75,17,49,68,1,88,39,83,79,29,71,49,22,31,67,68,88,63,20,74,56,97,44,0,1,76,47,10,8,34,67,28,97,16,4,55,28,29,86,93,12,54,90,86,44,100,12,73,6,17,54,84,73,100,15,52,39,85,81,11,2,78,70,81,92,67,76,47,22,85,25,47,92,15,84,19,84,65,46,3,32
43,76,63,15,24,46,69,87,30,18,2,40,19,76,23,90,32,81,5,79,84,34,73,45,81,96,68,5,39,74,73,0,64,27,99,32,6,57,3,32,40,45,12,74,34,83,9,12,0,95,73,58,90,93,77,12,77,95,85,41,93,23,69,20,1,26,52,96,78,65,2,62,42,77,10,17,34,31,84,53,39,89,37,71,16,51,9,57,7,41,68
93,24,57,19,26,28,42,92,44,39,77,98,68,68,41,5,74,85,84,41,21,18,23,43,0,9,99,57,8,54,13,64,26,60,93,100,32,80,15,93,9,62,50,80,77,49,58,11,32,20,66,69,73,35,58,65,68,72,76,91,42,5,98,12,28,15,23,71,21,99,96,94,65,64,27,23,81,81,22,67,3,19,56,6,100,62,33,24,7,10,15
35,69,87,2,93,59,21,46,48,58,37,11,100,8,100,4,57,50,3,67,14,14,32,59,49,40,1,59,32,58,12,9,4,8,84,32,92,90,86,54,100,96,98,61,22,49,27,46,33,21,48,56,84,0,73,24,65,68,70,94,12,78,59,5,37,15,53,66,37,54,51,0,65,95,54,18,23,84,1,45,4,6,64,98,34,31,94,55,35,1,94
31,27,50,81,8,81,3,97,62,72,50,58,95,62,82,80,100,34,16,47,13,97,78,74,66,37,7,91,25,44,7,20,88,86,96,49,62,49,88,6,58,54,38,18,94,29,20,41,61,10,36,22,82,50,100,7,90,2,13,7,96,14,82,7,47,90,70,61,74,75,2,53,97,40,6,47,23,52,55,14,34,31,18,50,49,47,89,92,64,65,68
63,58,38,73,5,81,70,47,33,29,12,44,80,20,63,46,88,98,84,86,63,42,48,12,63,10,89,100,26,57,56,70,74,33,42,1,48,12,87,15,0,15,3,80,49,94,92,81,42,47,89,13,20,50,22,81,97,18,98,13,64,30,67,67,37,6,21,92,82,34,66,91,70,77,10,89,8,91,41,26,46,16,49,61,4,55,2,94,76,18,22
27,74,75,47,39,65,91,10,33,2,25,53,41,66,10,58,18,48,6,5,46,5,51,30,85,59,83,96,46,32,35,66,53,40,80,99,97,12,72,25,76,65,81,45,78,24,93,9,100,76,31,8,70,74,46,83,100,93,83,78,13,78,31,75,30,21,20,85,59,80,4,9,74,27,41,83,1,56,10,25,80,96,73,62,20,12,2,99,20,20,68
46,64,78,47,41,53,54,79,83,66,17,100,71,33,17,92,63,100,67,68,34,52,67,97,78,23,26,18,48,26,62,76,63,67,70,31,87,11,49,42,81,14,20,11,45,36,57,38,100,66,83,7,93,72,62,0,24,51,88,78,60,46,37,2,28,67,39,81,3,65,57,48,3,32,33,96,89,80,47,69,80,86,67,23,47,74,44,38,17,2,26
22,53,86,63,84,91,46,44,38,53,24,97,67,74,54,43,45,39,23,77,93,36,38,23,10,83,55,95,97,3,35,90,95,96,92,43,31,77,80,96,41,46,53,10,65,80,47,54,26,50,36,66,84,10,19,34,36,13,26,23,82,78,20,91,99,98,25,100,42,88,59,75,35,12,52,39,54,90,59,44,3,72,51,70,54,94,71,12,10,19,50
54,53,94,35,17,7,56,86,88,2,14,59,0,13,35,58,33,59,66,87,7,31,13,69,54,24,69,59,53,2,55,60,85,49,26,0,55,65,85,96,68,19,19,59,21,72,34,64,17,85,64,97,31,4,66,31,39,64,14,100,3,17,100,47,73,37,84,76,44,13,15,42,41,100,39,37,89,8,20,96,91,32,93,85,97,64,67,99,92,42,99
43,28,43,55,71,24,83,37,78,44,97,44,52,54,95,34,99,38,1,73,72,91,83,60,79,5,55,31,15,4,29,24,60,41,75,76,2,92,64,20,34,12,90,17,79,73,40,46,45,20,13,4,53,7,66,49,5,4,26,100,41,24,56,1,25,1,30,7,61,14,83,31,43,92,11,86,100,52,13,74,37,62,24,14,1,78,84,71,19,83,10
76,94,14,97,29,14,24,41,87,51,68,92,68,85,28,45,66,8,15,20,97,29,50,21,9,82,73,13,68,42,81,50,63,68,13,5,21,20,66,36,52,88,4,92,50,23,100,72,72,79,20,33,40,91,99,0,91,74,77,35,57,94,52,68,88,74,100,27,90,4,97,17,38,87,4,85,21,71,57,16,95,79,69,24,1,29,21,60,79,71,5
52,59,0,71,93,61,70,16,45,99,7,65,43,87,80,90,97,77,71,39,70,95,79,89,23,20,8,74,46,95,1,60,44,8,24,23,29,39,93,98,74,7,58,87,95,86,83,42,15,0,76,40,54,45,38,7,87,8,68,77,93,14,94,30,73,71,28,22,48,73,95,12,80,12,53,61,56,44,51,32,72,76,57,35,52,24,18,13,11,81,29
68,81,28,60,40,12,85,65,35,24,19,83,82,50,26,71,10,12,61,92,7,19,57,90,24,76,28,92,72,93,19,8,12,85,99,76,71,75,5,57,16,12,37,83,99,4,12,49,40,1,86,2,23,39,63,26,92,81,19,44,93,84,86,14,26,0,4,60,47,33,97,37,24,36,86,93,100,80,54,88,92,88,22,54,21,28,74,10,20,28,75
48,6,13,14,32,53,61,67,54,57,25,11,33,12,6,15,93,11,54,18,21,40,57,13,68,54,22,83,65,69,43,13,32,45,81,72,90,72,100,20,99,25,13,41,88,52,1,18,30,47,55,55,20,77,85,64,42,33,14,49,72,99,83,0,6,24,81,87,50,2,15,86,60,71,61,33,46,17,78,28,57,10,78,76,80,92,98,51,97,63,20
46,89,12,89,73,10,49,29,98,33,56,82,24,10,48,23,19,30,84,68,47,71,92,48,11,29,71,83,3,85,97,97,57,96,12,3,73,41,6,7,84,16,69,31,58,38,74,35,90,13,2,80,3,5,67,89,30,35,93,88,26,46,21,32,33,76,51,97,82,11,48,15,76,14,64,67,3,17,87,76,96,88,14,73,81,4,35,35,50,84,90
9,48,31,28,53,53,6,21,37,37,44,86,87,77,18,25,48,14,62,43,77,88,89,95,88,14,5,89,62,14,28,92,62,64,12,50,8,58,57,82,72,66,40,6,81,19,55,50,93,62,86,28,73,39,36,84,74,36,15,83,5,8,78,73,65,3,3,40,64,5,90,45,44,67,32,44,77,84,69,89,5,28,53,24,75,89,87,3,98,81,70
65,63,2,20,89,54,78,73,1,53,95,27,47,0,10,62,58,73,14,80,67,42,96,58,68,2,0,30,18,90,40,86,26,1,81,12,13,35,61,81,42,75,99,69,99,64,36,24,33,29,57,36,11,75,4,49,99,50,83,21,25,70,28,85,39,39,52,98,5,68,48,15,81,18,15,48,90,15,45,60,35,88,6,19,64,44,0,84,66,12,83
82,86,89,32,64,44,92,94,66,36,12,86,12,20,98,28,54,55,39,80,81,72,42,45,52,78,92,36,47,83,23,38,34,3,46,93,74,45,68,23,31,83,37,48,3,84,10,96,45,61,18,31,57,21,74,70,87,96,49,46,69,9,28,51,27,46,16,55,23,34,33,90,94,65,46,9,80,5,49,74,61,43,51,8,27,3,0,60,32,96,2
25,61,97,52,28,72,11,95,45,63,27,75,89,13,2,15,47,62,100,54,87,44,35,43,1,5,9,36,73,9,38,31,41,60,80,88,100,48,46,59,53,96,87,27,43,2,32,92,95,87,80,76,81,73,21,27,4,80,50,38,69,100,50,41,84,87,53,3,22,17,33,35,49,54,18,28,80,47,59,47,80,0,53,4,73,10,53,4,19,86,31
