3,52,93,89,72,62,78,23,64,66
12,31,7,86,19,16,91,90,86,50
93,60,2,64,26,36,65,65,52,100
3,23,54,37,77,25,21,61,86,85
81,35,76,88,67,5,60,63,99,27
41,94,56,53,78,12,23,88,22,92
40,12,53,9,80,39,76,9,81,94
86,68,71,35,41,33,77,34,54,44
56,96,41,25,52,65,14,91,97,8
56,37,92,25,64,10,98,76,89,69
58,87,3,81,90,22,20,7,70,0
50,66,76,21,25,33,18,67,91,46
40,46,68,59,3,60,46,52,90,97
8,51,46,26,56,19,53,84,6,71
90,1,51,29,36,30,21,95,79,31
26,0,10,9,41,7,49,91,63,87
95,71,74,58,58,58,62,73,35,66
25,17,11,46,30,33,74,84,83,55
88,41,20,18,38,78,29,39,39,9
31,77,25,87,100,77,0,98,38,11
47,85,45,12,54,21,13,28,99,76
15,3,80,41,48,85,96,99,66,32
94,64,71,23,34,77,100,20,16,47
95,21,0,72,42,50,88,31,60,55
61,28,13,86,6,75,87,64,20,72
44,3,90,80,47,35,78,29,66,66
73,55,1,36,43,10,19,44,5,12
90,38,39,20,87,18,33,11,97,87
97,24,50,25,4,10,47,86,38,95
63,74,98,57,74,67,82,27,11,21
56,3,55,12,88,37,10,81,12,83
4,80,74,56,48,100,95,56,29,96
59,40,91,46,78,35,40,55,36,60
35,100,38,5,86,48,82,57,31,48
15,8,19,56,75,8,20,44,80,39
3,70,58,37,48,3,87,41,31,40
70,35,41,45,71,99,2,89,67,67
98,59,100,56,3,34,78,7,4,16
71,51,7,23,19,69,18,3,44,22
33,43,76,81,7,5,0,85,57,44
23,73,19,23,48,87,29,39,93,36
15,10,72,56,9,57,65,19,20,11
53,94,68,47,46,70,57,3,13,88
43,16,18,41,27,48,50,5,18,27
68,87,49,61,64,77,50,78,30,96
27,41,12,100,68,73,94,28,20,45
37,10,95,46,40,24,92,54,26,39
20,90,49,52,0,88,5,56,97,29
96,29,12,80,32,8,77,39,75,62
31,14,98,51,100,72,35,98,5,91
11,92,81,13,31,58,9,22,45,79
91,21,21,59,36,72,3,76,76,14
27,52,5,94,20,33,13,74,11,7
8,2,19,40,6,92,41,97,31,94
75,59,26,85,99,31,87,77,91,64
10,50,40,98,87,1,58,52,24,65
35,63,93,77,20,90,12,51,54,7
69,95,37,75,22,51,80,90,63,49
68,56,97,72,54,43,57,80,65,45
50,43,48,72,55,53,58,34,97,67
82,90,15,98,26,86,57,10,56,15
22,98,43,22,27,46,78,30,65,23
10,32,48,10,71,56,98,72,21,16
77,38,53,69,87,34,11,48,72,92
92,100,14,41,91,70,91,45,15,83
43,7,76,31,8,0,71,61,56,5
70,96,30,33,75,69,73,34,74,22
29,73,59,86,44,76,11,72,29,27
62,80,100,74,54,17,70,75,14,1
33,96,81,66,74,54,17,62,18,66
60,41,8,25,46,77,63,25,91,72
75,5,0,1,3,20,38,51,33,33
17,69,60,84,80,7,23,95,99,30
0,59,91,16,6,47,60,64,79,85
71,62,66,42,75,21,62,34,39,14
8,92,7,40,68,36,68,11,37,2
94,16,64,98,98,3,26,12,86,23
97,46,94,0,18,21,46,48,19,12
73,0,24,79,61,55,46,84,65,31
61,68,5,58,95,61,61,57,76,58
58,9,20,53,35,13,100,21,96,67
66,69,90,12,48,84,50,64,64,56
42,23,87,9,37,31,52,24,28,5
74,88,48,48,99,8,83,24,76,15
44,90,88,70,45,8,80,42,3,95
1,26,73,62,87,9,38,60,39,60
82,42,71,20,36,15,57,23,9,38
66,30,51,50,32,89,38,25,94,69
28,75,11,87,45,41,24,2,50,4
99,74,55,17,9,23,88,35,10,3
89,47,92,80,54,93,39,82,15,59
