14,97,47,27,56,45,98,18,97,33,16,52,16
23,13,46,37,44,94,80,37,93,2,74,98,55
90,95,58,49,53,45,24,70,27,56,30,99,97
66,73,49,10,59,28,55,61,9,46,38,12,13
61,82,44,20,2,14,84,15,96,41,59,25,2
16,14,60,52,55,14,64,42,46,100,57,10,78
64,73,73,82,81,71,1,68,87,29,86,94,78
75,98,27,56,58,44,41,53,67,14,69,23,76
74,49,89,59,50,26,41,87,38,37,12,88,83
95,73,98,46,26,25,50,59,49,75,5,73,72
0,21,80,68,28,5,30,15,5,4,73,45,18
65,19,76,59,57,51,81,59,82,23,42,5,45
65,85,1,30,91,23,28,94,41,38,50,78,10
40,0,54,76,62,12,31,48,70,85,67,25,68
20,92,29,23,21,39,37,48,48,66,30,1,47
69,46,73,41,74,29,42,24,22,88,73,71,31
28,61,95,74,92,72,11,17,6,69,44,41,75
91,66,56,9,19,56,31,49,30,68,40,92,54
48,4,10,15,16,35,23,62,89,21,98,60,98
81,73,34,8,63,54,79,12,30,2,14,74,28
43,7,51,60,54,54,64,13,40,40,1,5,81
21,50,2,37,10,93,68,96,53,64,42,100,67
85,94,100,86,13,14,65,80,25,70,20,36,39
94,43,95,72,26,48,23,97,43,43,47,90,99
66,71,44,72,22,72,9,83,40,4,55,19,95
2,72,13,27,58,41,10,58,13,3,49,27,49
3,30,80,97,38,96,20,30,85,82,74,39,74
39,64,48,24,53,74,69,93,28,25,41,36,48
77,5,94,99,69,21,94,60,35,69,38,27,0
74,6,15,18,4,34,32,78,41,52,46,92,72
81,15,7,6,61,24,99,61,98,74,17,36,8
54,16,36,54,2,99,55,46,88,99,72,23,2
29,5,99,49,22,99,18,76,3,61,24,13,78
14,77,41,33,70,36,56,75,72,76,61,84,3
30,92,28,37,8,94,54,88,35,63,77,100,57
0,45,32,50,27,60,40,52,21,54,99,31,93
78,17,10,45,51,51,97,78,38,19,44,42,89
41,90,33,12,22,54,79,88,19,96,14,6,17
12,67,62,92,28,42,9,86,78,40,90,89,13
9,50,32,72,30,14,35,45,65,64,1,59,46
4,65,61,71,48,23,35,11,24,61,1,40,10
98,83,72,56,25,72,50,96,41,77,45,23,84
87,34,94,61,33,24,60,38,31,88,87,44,78
2,85,59,72,45,3,9,90,30,57,26,78,80
5,94,75,4,36,93,87,1,52,65,29,89,85
33,79,42,70,7,48,74,35,18,19,36,85,0
