86,45,14,56,38,25,44,95,35,90,15,36,97,16,59,23,51,32,83,83,45,16,90,5,52,33,13,46,76,68,9,40,52,29,35,20,60,26,38,60,17,9,18,14,61,89,66,11,12,88,17,92,97,73,28,69,62,37,54,12,45,37,65,42,65,26,85,6,6,13,13,0,88,8,51,16,21,46,78,47,1,70,87,53,7,43,2,48,7,0,30,26,91,25
0,51,38,63,61,5,74,57,38,100,75,44,98,2,51,56,54,95,16,69,55,28,87,6,76,92,10,10,28,11,25,22,52,13,96,50,2,80,89,13,55,10,99,46,32,63,20,86,7,0,67,75,62,91,69,67,7,99,59,22,49,60,26,17,24,21,88,90,92,38,88,6,39,3,0,60,23,87,100,97,32,21,25,48,96,76,11,80,3,76,58,91,98,47
27,69,77,60,44,82,63,3,76,20,36,46,73,79,57,42,33,99,4,7,88,99,61,37,37,16,19,88,40,33,68,73,54,47,94,84,12,59,36,53,18,83,17,41,46,25,36,9,81,28,67,54,68,27,61,64,66,82,54,8,91,78,97,84,85,12,53,86,35,63,12,25,8,7,48,10,21,29,31,21,60,18,65,46,18,91,39,34,28,76,77,0,45,66
6,43,48,49,69,72,19,48,87,76,5,85,41,38,13,0,32,0,46,14,68,92,6,47,81,72,47,38,91,52,71,10,18,16,56,58,10,62,22,62,94,5,67,65,21,100,82,80,74,21,68,21,70,54,57,34,79,52,77,100,18,22,7,87,6,53,82,22,53,97,86,2,84,36,49,82,37,5,4,5,51,39,86,79,89,78,42,28,57,96,19,36,50,36
29,56,87,88,82,41,64,90,55,99,81,75,42,81,99,51,0,27,11,73,30,44,66,39,18,98,92,31,55,68,50,36,6,86,73,91,25,31,92,97,46,7,9,53,50,96,30,54,81,24,88,58,57,20,9,54,58,54,34,38,75,64,38,23,53,36,83,27,99,77,61,1,73,99,97,17,34,92,46,10,21,43,53,46,71,62,81,85,9,67,69,19,29,83
43,76,79,19,24,5,46,31,92,9,77,46,91,63,10,94,54,12,84,91,71,65,73,94,22,25,75,84,47,7,62,69,82,70,81,75,96,11,26,8,29,51,70,30,24,38,76,48,19,23,93,28,24,59,45,5,33,18,63,15,38,65,12,100,97,29,9,60,47,17,2,99,26,57,99,92,71,75,23,33,94,52,64,70,57,65,64,98,90,91,43,61,2,74
63,46,61,10,21,87,31,53,58,98,60,41,70,77,26,45,31,55,57,41,28,34,69,5,64,52,84,57,74,78,21,76,59,44,81,11,2,79,79,92,40,41,78,24,13,15,62,54,56,26,65,29,68,78,73,32,55,57,92,4,88,55,71,44,63,19,28,4,60,60,33,4,73,33,22,81,29,13,66,92,100,76,89,44,57,40,90,12,75,89,93,51,93,99
16,26,5,46,38,24,21,45,82,39,51,98,90,24,29,56,85,73,48,44,56,81,46,59,46,82,57,89,90,21,68,52,31,66,38,88,29,81,30,42,27,45,98,70,47,19,47,89,26,31,24,34,70,60,10,93,89,77,50,30,95,98,35,36,21,60,26,92,90,35,97,36,86,24,99,100,14,37,3,88,33,35,52,44,62,18,53,11,81,63,4,13,66,100
98,80,43,96,96,29,75,31,15,13,79,34,0,18,76,50,81,7,57,62,20,20,27,35,84,72,9,100,93,72,85,68,20,1,84,35,3,46,75,22,12,59,4,23,5,59,37,73,64,49,86,62,56,42,68,8,46,7,91,69,61,21,45,85,100,94,47,22,44,7,90,14,55,63,92,87,44,40,75,70,17,100,96,70,82,27,25,38,98,97,84,47,72,57
95,23,63,20,18,95,85,90,74,88,100,94,48,49,4,14,23,56,47,95,11,73,4,99,31,73,88,28,95,18,58,51,33,78,65,78,55,15,64,55,46,69,60,87,29,72,87,69,71,27,42,76,76,54,24,4,0,98,88,8,23,35,10,39,10,11,83,65,44,20,0,75,79,98,29,18,50,81,62,16,91,36,67,63,49,46,69,76,98,76,79,1,16,58
73,89,32,45,2,31,51,13,18,63,80,24,46,77,36,46,43,82,11,13,9,90,52,100,13,72,52,90,87,23,42,49,27,23,14,32,100,67,53,88,88,65,79,55,83,97,33,50,60,26,79,60,56,80,57,56,61,39,61,85,71,62,71,57,83,48,29,12,5,35,89,32,33,78,27,28,91,41,45,3,17,25,59,64,57,100,92,32,7,85,69,91,94,39
97,51,4,9,63,53,16,26,99,26,68,19,39,39,79,8,10,82,99,79,37,72,57,50,9,59,57,89,45,57,59,36,96,40,85,86,47,66,68,29,67,97,24,11,100,94,11,66,97,63,7,18,29,98,78,98,34,88,81,68,83,31,19,52,62,73,100,53,1,53,22,87,12,36,34,65,47,7,35,5,70,44,62,1,24,12,46,2,22,26,6,61,83,46
29,30,7,63,19,42,91,39,90,58,51,73,29,30,46,67,77,89,15,70,18,70,21,35,66,53,59,98,34,3,83,81,3,47,15,86,56,80,93,2,88,29,81,50,52,49,12,9,20,91,62,79,43,31,78,87,3,9,76,5,66,5,24,76,8,13,16,3,54,9,68,14,37,9,71,99,47,93,94,22,8,74,92,32,23,57,84,86,81,84,52,52,16,51
