40,52,25,72,6,67,57,52,87,43,43,95,66,90,46,11,82,92,61,93,99,69,79,85,42,64,58,76,71,92,100,71,25,28,41,32,10,1,86,33,13,9,87,38,76,54,90,39,80,8,10,9,96,53,14,19,26,7,11,42,52,28,0,13,5,7,68,69,1,42,7,18,63
75,83,82,41,83,94,61,81,100,92,14,55,64,16,3,34,100,70,41,50,60,54,8,34,18,69,63,4,80,44,81,30,72,53,90,61,88,5,15,47,10,41,27,4,17,95,76,11,37,64,80,65,82,86,53,73,16,45,55,61,39,53,23,76,83,32,31,33,68,73,96,23,35
45,22,30,62,1,17,47,30,71,93,3,52,47,86,100,95,46,24,32,10,13,18,37,20,39,100,42,42,14,25,30,51,96,74,10,41,19,69,41,27,97,11,42,1,84,10,69,98,98,99,34,89,78,99,83,14,51,68,11,51,20,84,91,79,3,92,69,87,35,89,24,0,8
46,39,46,79,13,53,73,76,31,99,66,67,100,53,83,34,12,86,93,97,37,82,78,21,87,21,97,84,67,94,29,60,90,67,52,76,25,56,97,61,83,34,77,56,43,74,18,33,0,3,20,3,94,40,12,27,29,11,74,33,17,76,74,4,23,38,74,67,76,86,42,59,83
16,99,68,76,5,97,88,16,76,38,85,76,31,9,25,47,24,39,64,17,93,4,98,37,71,36,4,55,97,16,89,100,84,42,31,28,85,68,38,42,12,37,23,82,13,51,36,36,7,8,49,92,54,42,76,98,16,25,97,88,87,26,61,17,29,52,22,43,34,65,97,46,37
77,61,9,26,29,47,84,15,59,22,35,76,71,58,80,9,92,30,13,9,11,77,66,84,38,37,96,63,50,82,90,3,8,97,6,71,51,2,86,1,29,30,54,95,55,94,1,2,37,22,5,62,50,33,96,53,9,68,36,95,43,83,33,32,85,70,99,22,50,60,88,37,25
10,62,92,56,49,18,91,82,90,84,45,57,96,55,63,98,30,82,94,61,8,70,84,17,61,69,35,16,76,57,18,80,68,40,66,63,7,19,17,16,88,27,1,88,32,37,44,47,62,64,98,99,74,29,36,59,98,99,68,21,25,2,100,70,42,95,8,93,57,45,69,28,57
90,30,35,80,50,74,70,66,65,39,86,33,67,91,26,83,31,64,63,22,90,10,46,89,77,11,47,30,9,4,56,98,97,67,13,60,98,33,19,3,0,49,14,51,50,71,56,48,78,30,89,56,38,11,97,75,31,60,51,25,64,77,40,4,69,56,99,31,99,31,55,80,26
66,73,48,83,82,26,48,44,78,84,12,93,32,94,15,75,7,24,98,72,68,30,10,59,38,30,41,32,98,68,41,12,4,29,18,40,82,56,54,59,27,85,36,59,33,92,71,14,58,88,96,71,56,89,20,97,34,50,100,61,21,78,78,40,67,72,70,87,3,34,77,43,12
100,3,55,70,99,80,81,74,35,9,45,55,85,12,4,8,43,85,8,53,8,77,51,73,2,39,26,74,95,53,3,43,50,91,63,92,85,55,39,28,68,11,36,49,94,76,30,82,61,81,95,59,86,80,65,100,48,49,24,82,73,0,81,42,1,4,4,70,34,53,96,98,2
0,63,66,10,66,12,18,67,58,69,10,23,7,70,9,91,4,43,25,0,25,33,25,39,93,9,53,2,29,47,67,77,59,9,98,12,66,16,3,36,65,56,23,64,32,55,17,35,28,29,13,58,88,9,51,10,6,77,95,94,69,20,3,78,53,56,81,26,7,88,66,93,89
93,47,33,84,50,4,12,22,27,17,67,44,27,67,87,99,78,52,50,42,92,26,7,99,16,84,56,89,77,2,5,94,45,84,51,14,83,91,61,39,62,8,40,89,0,90,35,18,49,94,76,81,38,95,80,23,43,82,22,92,97,24,99,64,36,84,73,59,60,92,9,53,18
95,44,46,86,99,38,23,15,84,96,11,79,98,10,26,26,5,14,89,39,43,63,4,12,69,58,86,7,52,0,37,10,66,45,17,63,76,16,89,8,87,63,63,25,92,87,37,15,25,59,24,100,56,41,62,100,5,62,18,46,38,84,19,31,44,68,51,10,2,95,29,12,67
3,84,73,17,59,1,14,57,0,30,18,35,100,3,42,69,29,94,49,46,60,40,62,58,44,20,49,5,50,9,85,50,2,95,25,52,79,74,47,55,89,32,42,82,38,22,38,56,28,56,52,57,37,65,4,92,48,14,58,30,36,89,39,76,55,27,46,13,57,99,4,35,14
14,16,69,7,57,19,92,89,56,46,74,95,44,5,87,30,53,99,62,57,1,0,67,77,28,53,85,98,62,10,28,12,63,73,62,36,99,55,6,11,45,93,69,56,44,68,33,9,0,11,61,45,39,74,93,38,94,70,3,52,75,68,53,73,97,34,44,24,35,22,68,19,5
60,14,67,83,28,52,84,35,42,99,54,39,96,49,19,33,71,22,3,34,30,100,33,62,30,44,44,5,80,50,35,48,76,74,73,29,40,64,82,17,44,45,48,54,29,61,93,21,32,40,82,11,94,48,26,100,85,65,62,64,89,69,91,72,4,49,26,66,38,10,6,21,62
48,63,53,11,7,58,18,98,64,76,22,94,35,72,38,41,32,87,14,42,18,99,89,63,86,47,23,57,19,12,70,60,27,38,79,83,52,51,27,17,91,65,52,50,93,0,43,29,66,41,84,10,98,14,19,56,45,92,83,73,80,5,66,5,45,97,95,7,20,98,42,39,58
55,64,39,84,8,35,99,83,78,79,87,76,62,68,63,39,78,51,60,87,92,24,84,71,85,66,22,54,98,78,34,36,11,87,13,67,12,17,8,72,84,71,54,91,68,37,61,84,23,4,8,18,55,94,93,10,3,71,52,22,32,29,83,50,57,70,61,53,79,9,46,94,29
74,15,20,54,83,28,7,9,1,4,73,76,56,41,42,8,12,82,15,54,30,76,55,88,32,18,91,71,85,7,85,67,15,36,33,17,69,92,40,79,58,64,92,29,82,77,91,43,51,24,59,1,69,83,71,25,68,28,46,78,11,11,23,44,70,74,62,79,84,36,2,87,24
23,23,5,68,80,84,75,32,25,96,37,94,57,22,7,55,28,7,93,68,91,4,73,76,30,92,11,60,13,82,47,54,89,53,45,68,72,25,15,43,22,77,7,14,33,91,93,52,89,84,42,100,56,96,80,86,55,95,77,5,21,1,84,22,61,29,64,19,42,9,91,29,86
31,11,26,64,57,60,92,19,78,82,11,69,66,59,47,77,28,93,65,47,21,39,60,88,65,6,27,1,41,34,61,100,67,24,96,39,85,29,87,86,43,8,15,1,45,75,34,6,51,0,52,5,13,11,29,2,31,34,45,38,47,2,66,48,38,35,51,53,58,22,92,8,7
75,78,6,51,58,7,58,18,53,67,82,74,3,20,44,13,83,74,8,83,17,38,64,71,95,35,38,24,69,3,28,71,23,51,97,52,94,98,35,27,2,11,66,63,18,66,17,13,66,47,94,64,6,88,54,98,91,27,38,97,85,60,50,85,77,86,43,44,14,34,67,99,63
60,33,14,38,24,42,0,82,98,71,6,11,11,1,29,23,82,58,18,77,31,52,26,98,74,69,40,30,47,1,33,64,75,54,61,47,6,57,94,38,70,52,71,81,58,5,30,20,7,58,7,100,79,3,29,59,42,14,52,26,84,24,7,95,50,8,77,26,86,30,51,32,51
17,28,91,58,70,60,98,97,58,19,75,100,27,55,76,36,41,9,42,7,37,0,77,82,60,72,9,26,100,1,18,84,21,4,47,32,75,96,82,15,76,36,57,18,75,30,14,54,59,6,52,4,12,72,34,23,45,13,71,53,74,48,100,43,8,25,24,71,18,89,62,44,25
53,25,73,58,93,14,22,80,96,61,42,51,0,13,100,41,70,92,64,81,100,68,5,100,78,18,21,19,52,55,82,12,20,86,60,7,39,2,24,48,6,61,77,21,52,79,58,64,42,73,4,89,84,40,96,52,8,94,63,2,84,1,75,64,62,27,28,73,70,34,16,32,8
66,16,63,42,66,74,6,55,68,94,12,83,57,8,49,90,92,48,95,94,80,28,85,89,29,30,64,21,79,11,90,97,81,73,80,30,34,45,48,77,48,26,78,40,81,90,57,19,44,63,68,38,80,29,67,27,5,24,50,95,72,52,88,84,39,89,98,78,30,39,98,17,59
38,27,82,39,71,11,66,53,11,59,30,1,85,76,40,23,27,87,32,16,92,67,28,65,12,29,13,68,6,26,62,50,95,17,61,9,95,36,47,61,4,5,84,23,47,65,36,92,20,10,51,88,95,9,37,25,56,97,31,12,33,29,76,61,50,38,20,32,19,48,48,23,48
46,97,79,48,12,54,25,6,38,84,49,28,81,66,97,23,26,16,34,83,26,29,21,99,44,64,40,13,96,81,6,34,8,39,78,52,68,50,19,79,95,50,65,43,4,41,55,30,99,58,4,41,55,27,33,7,86,43,59,26,13,81,37,11,58,31,69,46,63,53,46,70,30
13,13,7,34,4,62,5,61,21,40,87,2,7,10,25,48,96,90,69,76,96,25,49,62,60,8,70,15,14,82,83,41,85,36,95,90,29,1,3,84,21,22,28,57,100,96,81,38,25,49,88,99,69,56,47,16,28,49,61,48,63,45,22,81,54,45,77,21,32,98,1,3,20
97,97,35,22,14,24,66,5,4,49,17,20,92,40,24,100,15,17,32,17,15,74,37,7,79,36,19,28,44,70,26,46,7,65,68,40,86,67,76,23,36,42,41,73,66,30,12,8,28,77,33,6,34,25,83,24,50,84,69,21,56,89,44,32,83,84,10,50,73,90,19,48,47
67,19,62,77,79,0,94,11,48,67,82,0,80,36,18,68,33,83,20,69,26,0,75,36,4,97,16,62,71,43,0,37,58,67,32,79,9,11,4,23,29,48,78,19,36,36,13,93,5,27,55,60,39,46,46,69,88,8,86,77,74,77,97,97,36,44,78,29,8,69,1,96,93
59,76,56,57,25,31,55,46,79,66,28,11,18,12,86,73,98,96,34,54,80,75,23,56,8,56,6,4,12,23,72,57,94,3,66,63,63,72,29,47,47,4,3,57,48,80,29,86,78,66,36,28,50,29,59,15,57,95,35,1,19,30,79,65,79,18,51,71,18,11,32,42,32
75,80,95,88,27,98,3,18,18,71,59,76,96,96,12,22,8,77,6,8,1,48,44,51,46,7,53,39,18,13,100,16,28,78,56,51,65,70,44,76,43,37,94,64,20,83,66,47,22,96,25,69,95,0,64,52,80,87,60,76,5,13,35,97,52,74,93,17,98,30,60,67,24
67,19,75,95,36,6,100,10,64,18,66,4,46,26,2,89,76,13,12,42,47,20,20,45,66,0,26,83,20,62,16,56,92,36,90,12,51,80,27,15,91,31,22,23,28,10,56,80,76,17,14,62,76,100,15,7,62,52,56,0,58,85,89,0,59,32,1,55,90,45,43,30,93
57,100,63,63,49,38,35,43,37,69,51,50,46,73,35,81,32,32,11,79,86,2,47,13,35,61,31,6,59,96,9,73,92,17,34,75,33,47,13,51,24,26,77,4,91,77,11,84,45,3,38,13,10,39,55,20,18,7,80,52,50,56,20,16,1,47,52,60,73,100,8,23,3
22,41,57,18,31,27,46,84,54,18,85,29,10,66,10,98,70,96,99,35,73,95,63,47,68,60,36,32,68,24,5,94,28,56,95,9,64,41,61,32,39,49,90,68,4,72,89,88,72,97,73,100,97,82,60,70,81,82,42,15,68,43,42,48,9,18,26,5,58,0,94,56,56
38,29,86,66,1,36,29,71,19,45,10,4,86,16,45,75,4,25,61,16,45,69,17,7,19,46,54,35,86,30,73,93,90,86,17,24,93,64,3,56,12,12,36,44,72,52,89,2,100,48,33,83,44,68,68,66,56,9,3,84,99,32,7,78,92,24,91,34,80,81,35,18,23
50,76,83,45,23,53,13,25,79,64,49,10,75,4,37,93,80,55,16,91,34,19,96,91,27,28,98,13,7,65,88,73,38,69,16,39,14,78,25,28,94,94,67,69,62,38,14,47,21,74,49,35,46,70,18,53,9,90,40,21,49,21,90,60,79,90,10,71,86,67,71,89,89
28,76,82,11,61,76,4,92,67,7,40,19,46,0,46,35,46,38,16,41,82,87,58,16,20,60,10,41,70,10,79,52,27,35,61,35,23,92,47,1,42,97,36,25,92,15,64,59,81,53,53,71,89,26,91,60,86,74,40,99,73,26,75,30,6,99,86,94,26,27,2,8,0
62,89,92,59,12,87,60,4,77,25,24,24,74,86,100,61,80,53,23,31,91,57,73,58,41,87,52,87,26,1,21,93,59,88,59,99,22,15,2,44,34,59,27,16,53,67,47,35,79,27,46,57,13,87,50,83,38,13,100,20,24,62,96,53,17,14,24,62,92,4,81,45,58
26,89,23,27,57,60,3,15,20,53,64,8,64,51,43,4,94,43,57,8,52,15,81,38,17,56,37,76,78,68,50,99,20,68,9,75,90,29,74,42,25,51,65,64,20,27,70,64,86,44,42,96,14,31,69,70,70,54,19,51,80,95,19,22,2,77,81,22,80,15,76,27,73
67,58,68,71,8,68,52,43,18,35,16,25,97,61,78,67,92,10,88,37,96,56,9,52,90,83,31,25,74,41,54,76,48,59,65,29,34,87,85,27,5,83,32,29,26,92,11,70,25,57,5,76,19,45,76,51,54,3,21,72,63,32,34,56,44,23,35,36,6,24,65,0,100
67,85,63,78,41,94,33,26,29,68,91,22,11,92,96,93,54,71,23,63,87,29,81,100,29,8,50,28,67,13,72,30,6,95,13,15,83,55,81,23,85,16,31,38,0,38,77,56,0,71,15,47,26,44,38,4,100,80,57,45,0,60,61,95,86,33,64,34,66,53,33,42,32
22,4,21,65,26,98,75,79,91,5,14,75,44,86,58,8,27,62,57,39,10,20,86,66,16,73,13,17,12,6,32,9,82,56,34,98,40,74,11,63,1,66,15,56,21,5,10,23,76,6,99,55,48,37,46,75,60,28,58,71,10,23,14,76,38,26,54,6,60,85,90,35,12
6,20,98,40,30,31,45,51,76,53,62,36,73,52,48,2,17,11,35,58,4,87,52,31,8,43,83,79,78,5,62,96,56,70,30,78,94,29,85,28,30,70,27,90,55,87,37,24,41,16,11,0,58,27,72,96,12,30,64,9,48,44,15,75,4,96,17,53,44,74,75,60,33
76,21,26,59,71,48,24,25,4,18,66,55,5,36,12,28,0,49,62,25,43,54,2,5,87,52,39,14,90,38,5,26,5,21,56,24,81,1,26,27,43,35,53,87,57,24,54,93,36,4,41,68,29,64,7,84,86,69,64,62,81,55,61,29,25,76,2,54,47,67,37,50,47
28,79,28,96,78,45,89,16,63,33,89,95,36,40,75,22,11,38,98,87,25,50,23,100,87,11,90,99,62,19,71,15,64,40,85,25,46,93,57,84,33,19,14,21,67,93,18,26,4,79,25,24,67,73,27,18,55,36,5,73,83,70,74,2,77,12,64,52,75,62,55,68,68
54,24,43,14,2,38,30,16,99,41,7,96,55,45,30,3,57,28,2,10,65,26,99,5,53,91,47,31,68,62,96,46,59,58,98,17,96,96,23,18,83,25,69,91,83,49,51,28,6,24,82,20,83,44,83,51,78,13,97,77,45,77,20,40,23,58,63,67,71,84,29,70,3
72,39,22,49,59,91,96,74,66,10,42,32,6,75,39,84,48,88,22,11,14,20,42,97,4,68,98,86,83,77,44,41,80,99,34,19,49,13,88,76,0,5,99,15,18,20,62,55,46,8,85,98,49,81,45,17,72,98,85,96,70,13,7,47,25,19,88,16,83,31,96,30,85
95,64,5,20,100,52,23,76,64,3,36,95,60,58,28,100,62,40,35,37,93,68,85,49,24,79,23,13,35,8,47,41,41,85,76,41,82,87,64,33,93,60,59,88,0,7,72,89,14,1,4,5,27,82,15,30,48,39,48,90,38,37,89,49,45,0,72,34,95,10,42,3,17
65,23,55,71,65,69,15,36,77,51,45,65,60,27,66,41,59,54,85,81,4,26,47,51,12,57,100,55,10,56,53,3,44,7,27,33,72,0,25,19,40,89,48,52,22,13,75,65,86,62,27,69,66,78,53,64,45,92,93,55,39,24,42,13,95,5,89,95,15,10,50,20,83
37,81,63,11,17,20,73,79,96,61,19,92,64,8,15,32,20,10,78,85,32,36,58,64,47,10,49,62,54,51,39,31,20,55,60,62,2,14,72,63,97,76,23,8,7,31,85,86,5,37,17,92,71,64,29,97,31,37,95,14,100,65,98,88,73,20,78,7,6,0,2,60,64
49,67,27,73,46,93,40,44,8,74,35,53,13,67,87,43,22,99,79,59,78,27,91,25,15,16,30,29,1,1,95,19,37,74,4,46,95,27,56,42,74,64,48,62,58,44,86,77,91,66,33,93,90,57,7,13,68,74,25,5,7,3,99,30,33,9,1,86,24,35,25,20,18
64,94,10,2,51,32,5,66,24,2,95,29,88,62,42,30,65,75,46,30,49,59,32,23,22,64,81,24,84,30,13,30,51,42,7,75,14,80,0,94,63,75,19,26,58,22,89,54,77,75,11,97,4,4,13,6,76,82,78,24,44,36,98,45,61,20,44,99,99,24,37,10,45
23,39,71,48,17,57,92,43,40,81,66,17,68,14,100,34,38,52,68,62,87,41,44,93,94,20,13,26,95,60,3,28,15,67,38,25,81,68,57,47,81,97,25,96,9,27,82,13,71,8,55,88,53,18,19,97,38,43,89,12,30,93,68,44,62,10,74,44,48,57,41,96,33
69,59,97,76,95,90,19,77,15,25,76,52,77,21,53,16,51,34,40,74,100,0,91,2,53,5,83,42,96,59,76,52,35,56,35,63,9,64,43,29,48,64,23,49,66,65,80,41,79,10,10,10,13,43,38,95,94,53,51,4,60,77,71,9,84,81,46,30,13,2,51,24,59
22,44,71,48,15,63,16,27,64,93,41,92,41,33,52,30,68,12,93,67,26,51,86,75,83,56,90,0,62,95,36,20,67,27,29,31,34,25,65,100,65,0,15,15,13,85,70,96,18,46,24,28,19,78,33,10,35,66,92,60,73,41,51,33,72,45,53,23,59,55,42,40,68
83,85,65,4,14,28,26,88,48,78,22,6,100,40,86,55,28,85,30,27,14,12,42,26,91,82,23,27,79,72,62,19,27,51,30,19,9,63,58,80,50,99,6,57,60,32,91,90,35,92,12,84,86,49,63,59,51,83,69,78,55,25,53,93,91,58,97,71,37,13,67,15,5
53,54,76,46,59,95,30,22,39,74,53,71,18,43,39,18,45,36,70,29,9,74,47,100,14,26,98,36,40,72,29,34,11,8,37,35,49,24,82,77,76,95,62,68,83,23,23,4,61,2,67,39,81,46,33,15,15,96,32,27,63,77,25,51,30,69,86,81,76,89,26,32,35
34,86,91,55,53,44,87,60,92,93,65,20,25,25,90,85,57,59,48,79,41,4,20,48,66,35,85,55,21,23,87,8,93,58,98,52,50,66,32,2,42,47,63,14,90,53,15,15,4,8,100,84,39,69,74,52,39,71,59,32,59,28,23,63,64,41,66,79,69,11,59,89,27
40,27,56,56,9,36,99,35,0,48,53,75,34,0,23,51,60,1,49,18,15,46,75,78,12,17,18,80,75,67,45,28,2,30,8,9,71,90,41,2,8,34,45,22,57,45,14,6,56,92,36,4,93,7,62,91,75,32,36,69,90,69,37,77,18,73,97,58,13,81,42,21,11
74,7,95,23,24,75,70,21,35,15,50,61,2,73,24,73,47,42,49,75,5,66,45,18,35,95,19,66,12,30,29,16,0,16,26,67,1,60,50,86,50,15,66,23,55,39,73,19,73,61,85,68,15,92,79,12,10,93,88,29,92,84,88,65,79,44,22,8,42,63,34,64,58
65,3,20,7,2,7,5,29,59,69,77,42,94,90,0,36,70,93,26,26,60,3,0,79,18,57,73,65,28,91,32,69,62,1,33,12,32,60,1,100,82,39,24,12,35,85,94,62,29,94,31,72,68,72,55,11,85,54,88,44,38,5,7,8,82,20,82,72,86,58,46,1,68
27,46,22,13,67,69,32,7,57,47,83,2,61,68,27,14,36,90,82,90,53,15,13,48,51,91,1,62,95,34,65,61,5,39,32,24,83,56,45,68,13,80,100,93,21,66,77,99,27,82,61,43,75,46,63,73,15,38,100,13,100,98,18,72,76,3,91,25,47,68,35,62,69
14,97,36,59,55,32,50,85,63,51,27,92,87,38,19,14,19,0,69,23,29,43,47,67,24,53,77,41,19,9,38,58,31,38,45,33,19,39,39,32,94,35,80,95,76,5,100,90,70,54,35,41,33,99,53,90,17,34,93,79,81,0,10,20,5,70,99,86,26,36,72,6,32
48,43,27,13,4,60,96,50,62,15,87,90,21,80,85,78,91,35,58,6,75,5,56,14,7,65,20,95,87,1,28,69,45,56,60,87,56,25,12,20,47,6,35,23,68,61,74,9,93,21,11,0,52,53,51,22,10,27,85,15,42,16,87,100,83,26,38,88,94,54,76,94,99
27,10,27,45,18,45,18,100,26,0,52,22,18,34,85,50,63,13,87,59,54,69,58,93,79,54,16,15,48,64,6,98,90,77,71,40,70,18,9,17,9,22,88,56,29,22,79,90,24,86,77,18,10,68,67,78,68,97,40,80,48,1,83,32,38,13,91,41,32,66,90,0,68
62,94,43,37,5,31,5,8,9,76,13,74,50,44,64,76,98,62,4,8,15,41,93,46,67,92,30,35,2,30,16,64,2,97,31,85,21,3,12,70,49,41,69,0,69,9,30,14,58,77,74,57,45,27,74,8,22,8,90,84,67,77,35,14,2,13,99,40,30,98,56,5,11
39,11,3,100,15,1,45,55,32,68,57,96,71,18,88,79,65,88,69,98,10,44,61,1,80,62,86,12,52,13,6,26,83,0,14,95,42,69,72,63,8,94,91,74,30,71,84,96,33,91,14,73,28,20,69,91,63,25,67,91,55,10,33,19,66,51,51,83,64,25,46,78,65
48,68,9,99,16,63,56,46,59,80,24,16,43,27,4,59,97,2,62,82,2,78,26,34,83,60,58,43,43,27,67,18,98,93,86,33,22,33,98,36,37,61,98,75,43,53,31,73,7,37,10,56,46,3,54,4,71,25,38,39,33,97,43,27,17,1,23,68,21,47,28,62,88
32,44,52,1,40,47,71,1,59,37,65,19,33,21,78,68,17,16,1,68,52,25,88,59,12,76,64,18,66,62,83,81,1,39,10,51,32,22,58,17,91,63,94,33,17,72,84,75,55,23,14,70,25,35,99,77,11,71,87,98,52,56,99,56,11,4,79,20,73,56,39,80,44
87,20,94,50,55,37,17,46,38,46,59,13,88,26,53,28,97,64,70,14,53,28,99,8,93,67,13,66,76,100,59,54,28,45,76,58,88,4,72,47,19,30,55,72,57,94,89,17,98,58,91,50,15,71,24,98,41,32,85,36,92,69,36,25,67,11,87,37,13,83,37,97,32
47,43,85,28,6,28,11,81,64,30,77,84,64,32,70,11,84,67,12,98,53,17,61,16,94,68,87,45,78,79,21,79,73,60,86,98,63,37,35,25,5,69,23,82,74,26,12,3,34,72,95,75,77,88,4,82,38,48,91,35,51,11,77,88,4,18,91,22,24,16,37,70,19
61,35,41,84,52,33,44,28,50,36,46,78,84,33,86,65,37,52,48,13,49,54,79,73,58,48,78,83,77,35,41,11,0,62,44,80,80,49,5,21,58,16,42,58,17,39,72,18,34,56,30,23,82,83,32,91,38,85,93,94,74,23,52,35,94,10,48,33,98,77,37,25,97
89,15,30,76,65,22,50,82,25,51,53,86,88,93,31,93,14,84,67,94,47,70,58,1,15,23,74,11,66,38,67,61,69,81,33,5,22,8,67,5,33,31,20,99,100,54,70,32,40,73,45,45,12,63,53,94,11,88,71,62,24,53,69,37,61,17,34,94,33,77,51,75,97
62,42,90,20,19,64,16,16,94,37,46,29,44,18,1,63,98,98,22,36,25,83,29,66,84,78,14,22,77,50,66,40,74,14,51,59,4,89,31,86,11,44,25,7,22,98,20,93,25,15,10,64,10,13,91,3,100,78,79,20,44,37,43,67,70,73,100,12,61,82,60,92,24
73,69,81,12,20,9,79,88,51,27,27,98,59,13,70,96,49,10,33,81,78,37,83,8,1,90,82,68,29,55,45,52,41,77,85,68,92,27,38,3,27,32,21,42,14,0,89,96,53,98,79,46,0,1,80,44,18,95,79,28,84,80,80,91,30,85,22,63,26,44,24,57,81
11,62,62,49,67,22,69,47,26,24,4,65,25,13,11,80,3,6,31,33,37,20,12,22,47,78,66,87,95,58,92,65,67,92,46,35,71,11,65,56,21,91,81,29,64,6,19,85,33,19,27,33,11,76,13,9,8,14,58,10,93,81,25,5,80,95,44,7,52,29,98,65,78
16,87,11,27,77,49,24,71,94,34,96,39,91,70,59,26,79,73,75,71,96,9,40,81,40,23,54,94,51,66,90,98,97,60,26,13,78,76,48,45,3,91,52,78,39,58,47,79,24,88,82,11,29,66,11,36,90,22,84,11,6,37,96,53,81,81,42,47,82,10,93,78,83
