59,23,42,54,69,74,87,18,79,65,97,74,24,33,83,22,16,95,44,25,46,50,67,64,68,72,32,73,36,42,91,6,1,72,54,72,94,31,46,20,31,41,40,94,74,40,43,41,52,87,63,17,29,68,77,95,49,11,19,63,46,31,90,76,22,82,49,75,56,22,59,7,70,48,54,69,68,20,4,68,36,69,95,4,85,4,53,27,20,82
83,7,99,60,15,54,55,68,98,26,41,8,33,97,55,3,18,71,10,13,8,54,1,68,76,54,22,10,69,43,23,86,7,89,20,92,71,12,55,55,67,0,63,36,33,25,30,45,97,53,86,82,68,83,23,70,9,26,20,90,50,92,84,29,71,3,94,25,73,100,82,62,54,50,64,33,83,79,15,54,10,25,87,21,56,23,26,7,42,0
23,24,41,54,58,96,99,55,54,86,32,83,87,56,86,49,18,31,23,64,56,15,91,97,23,68,25,18,24,59,87,61,59,57,3,25,89,98,48,54,94,36,11,18,6,80,82,32,2,62,38,61,37,18,75,66,34,37,82,63,77,35,40,84,60,23,71,56,60,21,56,23,92,9,17,86,91,58,0,77,24,60,3,42,73,58,96,98,72,30
92,45,50,72,73,25,84,65,49,0,30,32,47,88,18,10,38,66,2,64,30,35,2,69,33,31,78,24,11,44,39,86,88,88,24,70,23,81,72,86,58,57,21,34,94,55,79,0,52,1,34,32,16,45,57,20,64,23,31,84,19,66,66,30,60,12,87,58,17,37,76,31,48,9,62,86,11,27,21,19,27,3,82,74,67,1,26,8,33,67
77,2,34,59,26,98,76,1,37,88,12,30,97,50,99,57,37,34,50,44,50,47,77,85,73,50,41,66,6,43,39,73,96,64,22,84,12,91,5,20,30,4,79,97,26,48,18,66,15,30,88,44,95,40,84,14,42,29,92,29,51,99,45,47,62,82,79,41,40,10,62,88,94,43,88,99,35,3,92,81,46,40,61,92,89,3,51,17,4,2
96,26,88,82,16,3,14,33,79,56,23,24,67,13,56,12,87,75,89,59,82,21,43,98,19,57,57,25,24,52,29,33,88,29,72,76,5,97,27,81,36,21,4,14,89,0,82,33,73,65,18,39,62,76,79,31,77,59,31,68,62,31,32,42,19,97,73,17,85,44,43,31,44,8,9,73,86,92,48,71,18,31,42,39,0,65,68,85,53,4
89,86,45,52,80,85,60,18,65,79,95,41,72,89,96,9,10,70,71,74,25,16,24,40,10,29,25,16,50,76,74,43,55,75,83,93,58,46,49,64,48,91,68,52,49,5,60,4,92,40,79,68,72,67,82,45,59,31,23,99,35,62,59,4,54,29,71,21,71,32,78,23,7,69,98,42,41,87,22,4,92,14,62,8,85,92,86,82,75,66
87,55,85,97,35,52,84,81,88,56,21,10,99,35,85,13,50,67,43,18,43,49,62,72,44,14,43,46,80,97,22,31,55,82,90,31,100,19,48,39,70,31,26,73,63,45,39,5,80,100,48,41,54,9,83,33,7,86,68,39,89,47,14,22,42,99,66,15,65,49,10,30,62,9,42,64,67,59,70,21,69,46,18,98,69,78,51,76,48,97
31,76,1,69,23,69,91,48,72,33,12,21,51,90,91,2,89,38,93,80,33,23,48,34,53,47,40,84,18,73,90,50,20,38,35,13,24,38,90,33,65,24,83,15,73,8,65,65,68,21,13,7,9,50,85,16,73,84,47,20,42,64,25,19,38,88,41,71,67,2,7,46,41,13,57,26,14,23,21,98,100,74,66,47,56,25,22,34,3,93
24,32,80,97,72,86,92,19,66,77,3,48,58,82,87,88,7,96,51,49,27,48,54,29,60,22,86,66,1,34,15,53,49,64,22,81,85,8,53,95,77,31,12,94,35,5,29,4,15,66,7,50,65,40,57,46,61,84,10,28,72,68,59,45,43,22,99,74,40,10,64,68,44,66,71,76,31,99,52,67,12,90,96,60,1,15,18,30,38,39
72,92,59,72,27,45,39,2,21,28,52,50,2,92,6,31,42,63,99,62,89,28,1,10,47,86,55,80,55,50,39,22,95,25,61,16,90,100,87,61,10,64,32,2,95,76,13,71,38,84,82,38,59,30,41,58,86,24,35,69,43,100,42,48,95,59,49,28,17,56,88,17,89,83,53,13,97,31,7,76,26,71,53,63,28,94,57,19,71,69
53,98,55,14,40,100,82,78,63,2,94,73,77,87,99,34,19,1,78,52,6,96,36,82,11,17,24,67,1,62,51,33,6,85,53,4,91,33,94,96,68,18,83,96,55,21,44,54,49,55,68,89,59,66,72,8,70,63,34,16,3,52,36,44,73,84,5,58,87,6,7,86,51,7,9,58,31,58,24,82,88,92,9,38,70,33,24,35,55,17
3,18,17,57,53,0,21,87,51,10,75,57,36,50,99,39,75,43,60,57,5,90,88,93,80,1,17,76,83,5,82,96,20,25,13,75,26,32,73,21,58,78,53,0,43,16,12,85,71,4,81,93,94,82,36,89,26,51,12,89,75,13,45,34,70,31,98,50,14,13,6,95,87,68,10,58,46,35,96,19,9,64,94,67,19,3,58,30,94,59
66,87,37,100,63,31,61,68,60,97,37,55,90,73,81,10,70,10,67,62,92,92,3,41,78,84,89,65,51,92,84,95,89,74,11,61,59,84,25,31,71,39,7,27,2,47,47,34,3,9,97,67,99,28,27,60,98,47,6,48,4,82,50,54,99,79,95,86,7,39,36,59,3,7,12,86,27,75,20,14,59,20,75,74,33,21,62,41,53,27
99,49,6,86,3,4,11,96,40,88,61,28,13,91,38,40,7,69,36,71,10,1,10,96,86,36,31,56,26,79,38,86,98,47,8,21,55,47,58,37,4,98,77,51,0,12,22,60,56,17,81,89,91,65,4,23,96,40,2,51,26,17,23,35,77,91,18,70,46,17,13,32,84,100,77,91,58,52,70,13,57,24,44,74,69,96,57,55,87,41
40,80,73,49,12,91,71,99,16,53,91,91,97,64,17,11,68,28,21,86,45,33,91,78,55,12,3,92,15,25,23,28,49,27,89,22,51,84,31,88,68,89,2,92,92,2,28,54,22,17,70,60,9,76,72,56,39,37,75,23,50,70,58,6,75,32,3,24,12,82,79,87,64,45,32,5,80,75,25,77,96,81,5,87,61,47,53,63,79,49
78,59,75,68,64,26,39,40,91,79,89,94,21,42,82,90,13,22,58,1,80,27,86,54,41,90,7,8,45,49,34,62,91,53,40,13,21,0,40,32,75,23,60,79,46,45,88,24,36,22,21,87,10,53,95,60,36,84,10,59,33,54,1,60,74,96,59,48,3,22,62,34,89,94,70,28,66,21,37,53,22,79,35,44,62,16,4,85,75,91
42,80,94,39,65,95,22,82,41,84,27,40,69,79,46,49,7,51,29,32,33,54,20,4,99,31,90,2,1,21,47,28,3,22,11,59,53,52,37,14,3,81,86,64,67,28,96,44,44,68,39,86,20,22,20,89,42,99,69,19,41,27,70,43,16,20,52,84,80,3,73,64,0,92,58,73,18,39,88,65,99,23,74,79,7,41,9,52,32,6
4,70,89,41,53,5,66,19,22,11,93,73,65,87,71,45,60,9,13,79,20,6,58,7,42,59,23,83,93,59,42,86,12,5,81,81,7,42,40,8,91,74,80,55,46,55,0,16,91,79,41,84,78,63,94,19,39,33,92,85,50,79,80,5,20,35,89,38,81,74,20,98,77,23,23,57,32,64,78,46,92,54,40,25,43,52,8,39,4,21
53,59,16,35,78,43,9,81,90,62,74,54,99,5,3,9,71,90,91,7,98,3,36,49,32,93,64,63,98,82,57,97,92,22,17,67,15,40,96,46,43,17,84,20,8,5,46,88,52,60,62,82,28,81,12,61,2,91,4,58,45,0,65,35,24,48,56,97,62,92,9,49,28,70,35,62,65,79,82,88,44,79,90,84,25,54,70,84,37,97
89,18,67,72,1,51,70,27,55,69,36,44,68,64,29,14,56,66,79,16,89,34,94,88,49,35,59,90,61,92,62,69,95,17,57,24,71,86,67,12,52,71,80,27,87,72,92,60,71,73,60,4,71,92,9,0,22,75,17,44,1,74,76,44,3,66,35,97,15,73,16,92,91,93,6,7,15,61,48,3,18,99,14,74,45,0,39,60,9,68
79,62,46,86,16,39,15,83,23,89,40,86,58,36,57,13,73,18,70,68,37,33,4,85,16,68,77,84,86,39,3,53,78,79,99,66,29,57,55,61,42,99,70,31,10,38,41,60,78,6,55,1,91,6,75,89,23,94,99,59,82,79,80,84,40,5,18,94,38,5,53,34,49,8,72,86,99,18,92,20,72,99,4,56,18,7,5,54,60,80
61,8,6,59,40,19,9,75,98,85,3,96,84,66,28,42,39,57,9,4,34,83,67,73,47,58,8,25,67,3,98,22,11,44,92,23,34,3,46,48,78,94,0,61,83,28,58,50,98,30,77,78,22,74,84,91,80,80,50,19,21,7,96,57,25,88,19,21,3,63,51,16,69,60,50,90,15,37,94,17,73,15,43,73,61,22,6,11,89,19
78,98,92,68,4,100,7,6,23,53,45,62,77,64,7,38,39,25,95,21,72,5,59,24,15,59,47,68,66,11,24,0,8,35,89,78,49,25,24,20,10,77,85,93,20,30,20,29,44,90,19,33,86,84,62,46,5,81,98,49,72,68,9,68,18,82,73,77,89,93,62,22,95,98,94,80,46,38,80,20,10,21,31,60,6,29,79,30,12,13
77,89,20,79,29,72,96,41,3,92,25,66,46,74,87,88,92,46,5,74,27,8,14,51,61,52,70,59,61,26,39,18,46,29,3,13,88,18,58,98,13,71,45,32,90,2,89,16,48,14,56,26,84,94,18,81,12,22,56,95,62,93,63,15,18,90,25,19,89,67,5,80,65,37,5,48,25,91,64,100,56,24,1,77,5,57,58,47,0,97
30,20,34,3,21,96,74,76,64,30,62,51,57,31,97,4,24,88,13,98,94,60,38,53,8,33,93,6,24,45,78,94,53,9,47,55,96,10,58,16,80,63,11,29,96,26,76,21,75,65,37,60,30,16,54,93,55,22,86,20,43,61,36,49,58,19,68,20,63,72,8,65,28,44,56,10,54,19,51,62,19,61,87,20,12,30,18,88,20,6
7,96,51,30,55,95,78,88,73,35,33,90,86,0,17,29,48,58,100,1,79,98,81,18,19,11,70,21,79,36,51,97,81,1,38,66,58,99,90,61,17,32,100,15,77,9,77,34,4,83,53,93,70,15,53,35,32,3,32,37,7,12,37,53,71,79,8,25,47,23,80,99,65,62,35,36,51,23,17,23,25,100,4,39,48,55,94,32,92,20
58,8,47,1,74,62,83,29,36,41,24,6,44,17,11,52,43,4,52,29,74,84,67,16,38,14,97,69,26,41,87,75,69,78,30,38,12,92,51,79,13,8,72,98,76,48,76,80,74,86,14,2,29,42,80,9,49,34,98,47,78,10,76,27,41,43,86,71,86,9,29,38,35,88,51,35,68,6,87,73,68,5,75,42,86,95,55,18,95,51
67,33,25,84,69,41,17,23,41,52,11,9,46,11,46,24,100,14,63,78,93,96,73,0,67,80,79,41,17,58,25,73,66,43,68,14,91,25,5,83,6,57,59,18,81,33,45,13,32,8,25,1,7,59,71,77,48,32,65,99,14,83,45,14,8,99,93,34,69,31,7,76,41,26,96,3,40,24,96,37,1,71,33,1,12,38,92,75,4,93
4,43,31,54,54,88,29,10,1,73,55,7,60,100,53,68,28,91,84,61,64,1,9,64,85,26,39,4,48,56,33,76,80,97,94,100,77,17,79,87,10,22,98,15,11,28,25,29,19,18,39,11,55,86,16,48,30,58,28,2,97,51,95,33,98,56,17,27,60,65,1,30,11,86,91,54,3,59,64,92,25,28,65,88,47,47,62,27,28,67
9,7,92,67,27,57,0,73,99,63,10,78,100,89,3,52,14,16,7,70,32,23,21,16,7,25,18,13,81,93,80,42,49,24,95,87,2,1,71,77,33,30,23,16,65,82,19,88,19,46,33,100,94,4,16,51,93,40,55,100,15,6,1,97,62,60,57,57,84,66,75,35,45,7,35,24,66,89,84,5,32,22,78,78,84,86,5,16,43,9
17,84,65,89,1,9,32,62,88,67,86,79,66,33,46,42,62,44,72,40,63,96,25,58,50,97,46,37,92,51,13,42,24,55,82,6,33,44,0,79,59,19,43,35,5,95,96,70,21,79,19,31,36,57,59,6,19,37,59,5,67,20,99,46,1,44,77,50,90,75,85,72,76,36,83,60,42,65,43,60,11,80,85,74,30,86,38,51,90,10
19,42,61,32,1,90,62,47,95,89,75,23,35,60,52,25,20,34,88,9,83,15,76,88,93,87,6,86,20,90,2,8,1,66,74,35,75,60,99,52,98,21,87,99,39,83,19,89,92,54,11,95,84,44,47,29,18,83,14,62,95,11,63,47,94,30,61,1,67,99,45,92,75,62,99,3,72,45,98,20,42,81,36,45,70,47,86,22,81,12
39,27,83,17,48,37,17,45,69,6,51,100,88,2,85,80,83,37,56,14,43,46,71,21,50,51,100,82,93,43,48,37,32,23,52,84,21,74,36,57,86,45,33,28,10,5,25,82,20,74,38,43,69,19,62,50,4,93,85,51,98,90,61,22,26,96,16,54,60,54,82,7,0,95,15,68,79,28,24,38,13,74,83,71,56,95,83,38,83,75
7,87,89,44,89,23,68,62,85,94,28,90,16,73,54,57,82,12,97,74,40,1,1,70,67,57,31,14,52,46,42,31,93,15,83,21,1,1,89,61,51,14,71,84,23,3,51,43,68,2,83,65,40,53,73,48,10,38,79,86,64,53,63,28,93,20,85,47,4,41,83,89,70,69,13,43,98,45,80,94,85,36,16,38,70,9,89,26,54,63
36,63,20,23,22,85,36,89,75,32,88,7,41,75,92,46,49,91,99,36,83,86,30,31,62,22,59,73,88,21,78,66,2,30,0,38,9,60,41,26,96,61,86,98,54,64,89,57,83,51,83,53,46,91,0,59,71,76,64,20,0,71,49,22,62,95,66,11,94,50,52,38,36,89,19,7,58,77,82,99,57,28,77,58,65,44,53,7,58,27
21,40,34,89,3,45,49,68,43,8,82,100,57,52,23,11,8,81,73,20,35,82,78,63,36,54,84,38,14,66,71,84,96,94,56,96,70,61,38,73,57,15,18,18,92,48,20,48,2,76,23,76,15,6,53,37,0,82,95,53,54,30,17,72,33,21,39,68,16,78,30,40,82,82,37,64,31,50,68,76,12,45,34,0,40,19,58,23,33,63
80,31,59,57,57,73,66,38,56,42,66,32,3,85,68,14,38,93,14,68,27,23,71,33,55,5,71,61,5,46,2,59,60,17,85,36,53,44,86,81,93,60,100,75,33,100,61,26,70,1,64,6,67,50,93,52,96,54,8,97,34,66,65,59,20,34,51,56,85,27,94,30,64,28,60,47,57,41,24,33,2,83,12,73,41,21,46,17,1,15
41,67,19,12,86,24,97,76,99,8,12,1,100,44,44,17,16,51,2,91,94,35,7,59,5,38,53,58,28,35,49,92,93,38,30,63,9,73,46,66,86,9,18,43,83,74,47,42,87,47,53,87,40,21,12,41,96,54,65,68,57,88,84,52,28,99,27,9,76,74,14,65,95,7,38,3,78,35,32,21,42,18,43,67,46,95,77,93,11,57
86,24,95,47,94,58,58,54,39,94,92,7,35,98,56,41,20,75,65,69,70,85,90,77,57,7,21,91,96,77,5,23,38,58,96,55,25,63,52,31,59,89,42,92,48,85,13,14,61,5,73,92,35,8,96,15,9,87,11,4,80,23,31,36,27,87,38,53,64,46,21,66,18,12,27,100,76,32,85,51,9,92,17,4,9,49,43,14,11,88
8,64,25,56,16,69,99,19,31,4,43,44,65,88,87,92,26,21,89,96,15,27,12,63,67,3,62,57,94,0,42,28,51,29,53,9,81,29,86,41,37,37,98,22,52,0,61,72,30,69,77,100,61,94,37,57,46,2,90,22,74,7,98,18,69,40,77,3,66,39,17,16,86,16,69,13,95,39,23,34,46,90,48,44,46,36,59,2,34,89
43,66,58,68,94,42,96,80,89,65,9,30,84,0,15,4,33,23,73,4,29,34,80,84,40,54,65,36,93,69,15,64,0,17,61,18,6,62,31,99,42,80,94,2,62,61,70,37,16,40,76,19,63,9,20,15,81,72,6,3,50,63,88,42,84,17,12,73,50,31,62,85,76,88,74,93,12,62,26,25,62,14,38,3,60,70,51,79,45,1
83,92,82,56,79,58,78,11,96,13,37,78,71,42,84,24,79,64,80,27,18,1,23,22,77,1,87,92,37,78,47,65,36,46,10,9,59,66,54,71,19,34,63,11,63,5,17,94,39,44,22,19,35,35,33,92,56,98,24,71,10,42,29,37,16,51,37,29,63,88,77,68,30,60,63,9,17,74,88,43,2,10,84,21,22,24,39,43,42,21
98,68,41,31,94,31,90,93,19,45,51,30,29,74,81,70,1,14,62,82,59,21,54,13,83,24,5,92,12,80,32,94,64,62,54,100,58,74,91,7,30,40,53,2,55,63,28,14,51,71,65,22,7,63,96,66,63,22,98,23,80,8,61,55,44,91,71,5,26,42,8,23,15,32,3,22,13,71,3,22,25,60,94,43,62,18,1,53,6,33
33,2,83,97,88,59,77,17,91,22,72,10,96,98,37,5,79,37,13,25,71,88,3,38,78,91,7,3,10,7,82,76,6,59,100,13,44,56,84,75,11,84,92,94,79,77,13,72,61,65,57,21,60,21,56,70,20,25,69,62,25,5,52,29,17,32,52,36,11,13,12,62,51,34,24,85,49,23,66,46,4,11,30,97,43,3,90,57,58,58
18,31,97,53,66,9,25,54,45,61,19,36,55,77,38,29,48,38,20,48,98,18,15,100,33,84,6,95,4,52,56,94,46,7,89,32,71,46,43,18,19,20,14,34,76,14,100,71,51,62,48,89,94,46,50,81,69,82,22,100,4,29,0,47,39,14,4,60,26,59,21,83,98,2,40,51,36,5,81,38,12,73,56,72,2,31,46,19,84,58
16,15,24,97,79,4,71,28,82,73,26,61,58,63,23,0,23,59,45,73,49,15,37,7,36,76,40,61,31,51,24,43,90,39,58,98,18,15,69,93,92,0,40,46,67,25,78,45,72,9,87,51,73,5,88,58,47,44,76,61,83,28,36,61,32,17,56,28,65,40,100,92,10,29,33,0,58,71,30,57,11,9,3,65,51,30,99,55,0,38
89,68,56,56,64,96,0,39,65,80,2,2,43,66,0,33,8,29,75,31,76,42,77,18,15,6,93,45,14,15,19,50,61,67,91,55,74,28,87,1,15,85,79,89,61,10,79,12,2,36,0,36,95,52,20,13,32,13,5,62,55,6,69,83,89,74,17,97,0,91,73,33,59,79,5,54,34,94,90,73,36,14,88,56,22,0,58,76,28,75
77,35,29,92,15,30,90,47,41,34,35,66,68,74,92,79,85,45,49,13,98,34,83,51,36,51,94,66,9,47,62,35,31,29,13,54,13,50,38,35,29,35,32,42,90,4,12,99,71,23,1,55,54,14,1,100,21,33,15,91,90,58,85,43,67,56,29,99,5,64,2,76,44,69,18,21,23,14,50,37,41,75,54,10,30,81,68,68,99,58
14,83,87,71,10,97,55,56,44,76,36,88,85,69,59,14,3,12,20,27,25,22,51,56,64,86,67,95,59,89,79,15,16,25,78,95,1,1,94,64,39,11,38,58,54,19,35,9,89,97,40,62,88,69,98,81,67,38,71,89,67,78,7,58,49,72,88,30,22,57,62,41,34,100,86,15,28,80,41,82,9,48,77,94,29,78,72,41,87,33
37,38,90,95,61,26,47,62,52,76,61,54,8,50,55,30,94,87,4,56,80,62,18,25,82,46,95,97,95,73,8,49,18,2,42,96,10,61,97,72,58,38,13,6,69,9,79,60,69,37,44,23,40,22,30,27,95,59,68,30,66,70,10,50,45,16,8,23,81,37,76,39,37,55,34,23,44,42,67,39,96,74,34,19,68,37,51,72,2,74
4,56,31,59,82,60,80,48,56,44,98,29,45,90,61,28,93,10,63,29,17,45,4,90,30,81,28,63,39,95,44,21,99,56,39,10,98,74,14,37,62,37,12,37,39,11,61,71,80,36,29,64,30,31,60,77,1,86,30,76,82,69,33,99,6,23,24,56,57,48,49,30,53,81,77,74,84,3,87,60,62,6,7,100,66,49,1,60,44,67
43,38,19,2,53,61,11,67,55,12,20,10,14,9,74,70,44,33,29,16,54,99,9,28,77,48,93,63,56,82,14,47,54,27,49,14,87,39,16,98,9,5,24,80,100,52,51,25,1,58,10,99,93,69,61,88,81,73,40,16,19,30,39,8,42,45,61,56,69,53,79,92,66,55,51,12,75,30,2,75,83,31,85,39,14,16,37,7,67,45
38,24,2,37,96,49,18,67,32,20,13,33,38,38,34,86,64,38,55,5,66,52,29,68,47,95,3,46,43,94,41,90,54,68,95,51,12,99,31,42,20,44,40,55,9,48,24,20,47,12,38,37,51,91,76,46,71,36,12,81,51,52,99,14,81,13,58,98,41,58,42,15,8,36,8,68,59,81,24,57,1,56,80,19,23,43,86,30,55,48
62,20,58,17,9,96,38,93,99,36,79,33,79,97,49,7,90,12,80,23,7,46,7,47,37,5,14,3,21,83,61,100,88,13,22,30,31,16,92,3,17,1,24,19,6,3,36,56,98,80,51,26,4,54,83,5,93,96,92,15,61,52,30,92,75,91,16,75,59,16,68,98,76,25,62,98,24,32,14,51,69,45,19,34,84,48,71,63,100,69
91,53,43,86,50,35,5,21,77,87,31,90,76,61,3,17,75,76,45,62,94,7,96,47,24,17,62,75,52,64,49,66,67,8,10,28,70,49,85,71,8,11,43,77,66,77,59,25,33,72,28,64,5,80,44,99,68,89,5,11,86,29,69,40,75,26,1,73,37,78,8,100,5,6,98,9,26,10,41,88,54,23,82,17,68,2,24,85,40,9
5,60,89,60,2,79,34,73,61,8,73,39,83,29,9,69,32,10,49,0,0,13,5,65,92,66,89,0,94,9,84,20,35,64,90,88,35,43,21,14,59,11,78,34,18,60,52,76,19,15,92,77,32,75,52,26,34,32,77,45,92,20,44,14,22,66,88,76,12,17,88,66,84,66,42,81,11,31,74,58,48,89,91,10,96,48,29,76,34,26
29,68,71,83,67,49,39,17,53,72,59,19,28,54,97,3,35,0,79,43,72,37,77,67,65,78,37,74,73,69,60,69,47,58,27,24,18,48,76,7,81,1,24,98,17,55,93,22,87,79,99,17,60,97,23,73,90,68,88,50,27,15,84,95,21,54,55,57,41,71,76,2,76,6,8,12,83,76,43,70,100,48,51,45,40,82,16,35,13,10
39,45,77,62,65,79,43,50,31,59,79,91,92,75,35,40,12,61,45,98,54,64,83,96,78,98,43,64,71,41,8,29,45,94,85,49,73,30,47,12,36,26,38,26,22,21,18,88,18,37,12,57,56,27,48,76,43,52,65,14,99,35,23,20,74,3,65,47,25,45,78,62,26,80,76,12,71,56,29,29,68,96,14,25,96,93,8,82,100,62
1,93,37,7,73,67,62,57,19,44,45,36,4,20,72,94,12,11,62,17,94,68,24,100,23,7,24,91,3,33,90,40,54,24,94,31,34,24,54,12,91,37,11,40,50,87,72,14,6,49,0,29,1,82,35,27,90,61,35,89,96,91,75,34,89,21,90,87,57,78,83,50,37,40,60,85,84,69,53,98,47,81,56,85,63,39,64,27,29,87
94,48,64,96,30,85,10,87,61,70,90,23,71,9,46,78,71,50,9,51,15,92,90,16,80,78,52,31,92,68,74,68,28,50,61,50,58,27,30,26,28,36,65,76,60,82,2,13,74,65,47,1,15,52,69,63,32,88,80,67,46,11,64,4,33,56,68,52,27,20,84,53,100,19,47,79,84,39,87,8,83,70,15,18,88,70,44,72,100,38
90,80,21,79,6,15,95,44,67,86,95,78,4,68,26,82,95,68,9,85,24,9,15,50,61,47,100,37,49,96,42,31,43,4,1,16,52,28,2,30,69,35,6,58,39,1,47,3,65,30,43,32,20,24,1,18,74,5,1,12,15,65,53,33,61,29,21,38,18,80,9,48,23,94,72,94,99,1,84,92,31,75,82,14,63,88,0,39,46,63
88,65,48,68,21,44,94,91,83,20,35,100,84,19,39,63,73,91,35,82,74,51,63,51,7,59,63,14,27,84,20,58,15,84,30,13,63,0,18,44,63,2,30,76,14,3,36,10,69,48,89,64,1,19,29,76,78,94,87,87,36,61,50,5,95,67,75,86,14,53,10,13,82,58,77,52,5,42,64,42,40,49,50,80,66,19,66,62,30,43
59,45,81,57,68,29,19,47,71,52,91,1,35,97,36,11,84,22,50,88,59,20,91,50,59,76,36,89,22,21,57,79,33,14,77,17,30,61,77,3,89,38,98,37,95,45,9,23,93,17,70,63,0,66,41,47,12,28,70,62,55,60,36,34,72,78,25,18,91,42,97,62,81,69,75,72,97,55,0,41,63,35,55,25,1,65,3,56,57,67
98,79,40,54,11,31,1,97,59,73,20,39,65,45,4,86,42,29,49,68,75,40,27,61,27,61,50,89,74,50,43,55,74,97,96,85,7,53,72,11,59,75,35,51,28,26,12,71,40,89,74,52,26,25,69,62,43,61,90,26,100,31,85,29,37,27,22,66,7,37,42,34,4,56,74,2,94,14,65,44,4,96,68,84,5,88,58,17,5,70
35,67,89,78,15,32,88,62,62,17,68,32,27,60,45,18,9,3,61,20,73,48,56,49,5,58,68,58,22,5,67,41,87,43,45,14,53,47,30,68,23,28,1,99,69,94,83,44,32,31,11,42,0,22,73,34,5,14,40,13,38,17,66,98,81,71,1,10,90,37,37,90,5,86,99,17,20,16,98,1,10,23,32,56,70,62,41,0,82,20
60,10,98,41,33,29,80,75,73,84,61,71,63,83,93,37,81,73,64,48,34,36,96,17,70,49,67,31,5,54,20,49,48,36,15,62,6,26,99,7,38,94,86,59,33,76,33,89,65,90,18,14,19,47,16,63,38,64,9,83,56,43,87,84,77,64,36,89,31,17,21,76,65,23,22,80,87,18,78,36,85,28,29,5,76,2,93,56,20,22
57,28,51,40,66,18,65,71,19,53,54,86,45,27,43,12,66,51,48,25,90,12,21,84,57,92,35,22,74,26,96,100,38,59,74,81,81,9,11,70,11,94,98,41,48,75,49,34,99,2,67,48,30,29,57,37,18,98,27,91,22,2,33,9,8,72,28,11,40,69,20,82,73,73,13,29,78,4,15,41,90,4,5,7,84,16,78,72,7,53
97,20,23,47,85,88,32,58,47,68,85,36,87,79,15,66,55,54,44,32,27,29,81,12,31,18,14,99,31,94,67,49,18,44,39,21,91,46,75,29,12,28,31,70,73,25,87,16,86,70,38,61,65,17,19,91,77,6,29,45,19,67,75,20,22,13,9,61,59,27,94,80,65,90,10,100,86,45,91,69,95,3,41,59,52,41,84,57,5,76
8,62,76,11,79,42,85,81,100,82,35,5,82,13,83,40,98,25,54,84,61,35,76,0,92,68,17,53,12,82,30,60,55,54,89,19,65,71,9,34,74,10,56,20,7,61,20,33,68,63,94,18,52,58,35,8,65,26,5,78,62,51,41,55,31,5,45,67,91,21,87,28,29,64,20,44,81,15,78,69,54,40,36,100,81,55,63,60,89,43
83,93,44,32,85,22,1,86,2,11,54,17,18,10,87,53,6,66,50,83,37,51,86,38,33,37,43,68,100,55,64,19,71,48,71,91,24,62,22,56,77,39,30,10,50,33,32,57,57,5,36,62,15,54,2,47,49,39,53,3,46,99,68,100,51,21,11,4,56,31,50,81,97,10,44,44,24,56,2,32,83,3,18,87,69,91,38,5,91,65
12,48,40,42,2,1,25,60,86,26,74,62,54,60,74,87,4,9,50,77,94,15,50,49,15,52,38,51,23,58,97,56,52,6,12,69,73,25,70,17,83,97,76,33,0,87,90,21,61,41,87,91,18,63,38,80,14,4,64,23,0,57,49,45,58,61,4,100,11,53,9,4,58,46,41,60,13,86,15,86,62,53,17,97,31,48,87,17,18,77
12,26,94,66,30,42,12,38,1,37,72,1,32,67,33,3,19,73,47,14,41,49,23,23,22,91,49,21,13,72,73,82,87,78,33,28,68,13,86,81,91,62,37,66,32,1,88,42,52,39,25,19,64,98,77,26,82,27,84,0,78,87,2,61,69,10,39,32,28,39,18,4,70,40,2,71,31,7,41,79,77,75,21,96,87,82,7,40,76,67
